#doc name topic proportion ...
0	file:/C:/mallet/mydata/test_fr_esco/http%253A%252F%252Fdata.europa.eu%252Fesco%252Foccupation%252FCTC_14294_20140807.txt	1884	0.49391975308648245	1494	0.26758230452678294
1	file:/C:/mallet/mydata/test_fr_esco/http%253A%252F%252Fdata.europa.eu%252Fesco%252Foccupation%252FCTC_14310_20140807.txt	893	0.39405303030309546	1427	0.18698232323235417	1742	0.07082070707071877	1717	0.030416666666671706	1234	0.025366161616165814	188	0.015265151515154042
2	file:/C:/mallet/mydata/test_fr_esco/http%253A%252F%252Fdata.europa.eu%252Fesco%252Foccupation%252FCTC_14333_20140807.txt	1785	0.2071843434343755	1303	0.12132575757577638	1524	0.09102272727274135	973	0.04556818181818886	1830	0.025366161616165554	1669	0.02031565656565973	1695	0.020315656565659715	616	0.020315656565659715	1170	0.020315656565659708	454	0.015265151515153877	398	0.015265151515153876	303	0.015265151515153876	1230	0.010214646464648045	370	0.010214646464648045	324	0.010214646464648045	1884	0.010214646464648043	1840	0.010214646464648043	1748	0.010214646464648043	1321	0.010214646464648043	597	0.010214646464648043
3	file:/C:/mallet/mydata/test_fr_esco/http%253A%252F%252Fdata.europa.eu%252Fesco%252Foccupation%252FCTC_14335_20140807.txt	162	0.272803030303062	1385	0.2559680134680432	357	0.13475589225590795	1494	0.030378787878791412	415	0.02701178451178765	1583	0.013543771043772631	1964	0.010176767676768861	555	0.010176767676768861	583	0.01017676767676886
4	file:/C:/mallet/mydata/test_fr_esco/http%253A%252F%252Fdata.europa.eu%252Fesco%252Foccupation%252FCTC_14348.txt	1427	0.19065476190480335	1056	0.19065476190480335	1210	0.09541666666668737	1164	0.05573412698413911	1785	0.02398809523810045	1086	0.023988095238100447
5	file:/C:/mallet/mydata/test_fr_esco/http%253A%252F%252Fdata.europa.eu%252Fesco%252Foccupation%252FCTC_14369_20140807.txt	1443	0.3237801932367685	499	0.23682367149762365	162	0.2223309178744329
6	file:/C:/mallet/mydata/test_fr_esco/http%253A%252F%252Fdata.europa.eu%252Fesco%252Foccupation%252FCTC_14453.txt	1443	0.33347222222228584	57	0.3149537037037638	976	0.012484567901236948	876	0.012484567901236948
7	file:/C:/mallet/mydata/test_fr_esco/http%253A%252F%252Fdata.europa.eu%252Fesco%252Foccupation%252FCTC_14455_20140807.txt	1375	0.4612361111111895	1570	0.11123611111113008	893	0.10012500000001708	1778	0.03345833333333904	1170	0.03345833333333902	256	0.011236111111113022
8	file:/C:/mallet/mydata/test_fr_esco/http%253A%252F%252Fdata.europa.eu%252Fesco%252Foccupation%252FCTC_14457_20140807.txt	1181	0.35276570048314637	957	0.14986714975847734	419	0.10638888888890537	1375	0.08223429951692096	1443	0.02909420289855523
9	file:/C:/mallet/mydata/test_fr_esco/http%253A%252F%252Fdata.europa.eu%252Fesco%252Foccupation%252FCTC_14459_20140807.txt	1677	0.2357659932660222	1375	0.1852609427609655	1915	0.06741582491583323	256	0.06404882154882945	1845	0.06404882154882942	1626	0.06068181818182565	1116	0.030378787878791603	547	0.027011784511787835	1176	0.02364478114478406	202	0.023644781144784056	1350	0.013543771043772714	419	0.013543771043772714
10	file:/C:/mallet/mydata/test_fr_esco/http%253A%252F%252Fdata.europa.eu%252Fesco%252Foccupation%252FCTC_14485_20140807.txt	57	0.36616013071902936	1995	0.117794117647083	1838	0.019754901960788367	1443	0.019754901960788367	1063	0.019754901960788367	558	0.019754901960788367	357	0.013218954248368726	1505	0.013218954248368723	1259	0.013218954248368723	690	0.013218954248368723	402	0.013218954248368723
11	file:/C:/mallet/mydata/test_fr_esco/http%253A%252F%252Fdata.europa.eu%252Fesco%252Foccupation%252FCTC_14571_20140807.txt	1471	0.2223309178744317	1646	0.19817632850244712	712	0.09189613526571522	855	0.03875603864734919	506	0.03875603864734919	1127	0.0339251207729523	1183	0.033925120772952296	1737	0.024263285024158476	271	0.019432367149761577
12	file:/C:/mallet/mydata/test_fr_esco/http%253A%252F%252Fdata.europa.eu%252Fesco%252Foccupation%252FCTC_14580_20140807.txt	296	0.2836111111111493	887	0.25679118773949816	1385	0.0882088122605483	1443	0.07288314176246194	1583	0.03456896551724602
13	file:/C:/mallet/mydata/test_fr_esco/http%253A%252F%252Fdata.europa.eu%252Fesco%252Foccupation%252FCTC_14582_20140807.txt	1840	0.17478174603178312	893	0.08748015873017727	1494	0.055734126984138814	1385	0.047797619047629206	1020	0.016051587301590703	202	0.016051587301590703	1056	0.0160515873015907	88	0.0160515873015907
14	file:/C:/mallet/mydata/test_fr_esco/http%253A%252F%252Fdata.europa.eu%252Fesco%252Foccupation%252FCTC_14606_20140807.txt	1021	0.2559680134680438	1583	0.2189309764310024	296	0.11455387205388565	1528	0.07414983164984047	910	0.04384680134680655	298	0.02027777777778019	445	0.01691077441077642	1830	0.016910774410776413
15	file:/C:/mallet/mydata/test_fr_esco/http%253A%252F%252Fdata.europa.eu%252Fesco%252Foccupation%252FCTC_14610_20140807.txt	256	0.30351495726500144	679	0.29496794871799165	1116	0.059925213675222404	1626	0.04283119658120281	737	0.030010683760688148	1373	0.02573717948718324	1170	0.012916666666668545
16	file:/C:/mallet/mydata/test_fr_esco/http%253A%252F%252Fdata.europa.eu%252Fesco%252Foccupation%252FCTC_14621_20140807.txt	1020	0.4155676328503067	1646	0.24648550724641544	557	0.029094202898555285	957	0.024263285024158393	745	0.02426328502415839	1350	0.014601449275364607
17	file:/C:/mallet/mydata/test_fr_esco/http%253A%252F%252Fdata.europa.eu%252Fesco%252Foccupation%252FCTC_15830_20140807.txt	315	0.049660493827172886	378	0.037314814814824133	4	0.037314814814824133	1782	0.024969135802475374	402	0.024969135802475374	1471	0.024969135802475367	1022	0.024969135802475367	896	0.01262345679012661	837	0.01262345679012661	1847	0.012623456790126608	1443	0.012623456790126608	1268	0.012623456790126608	1219	0.012623456790126608	910	0.012623456790126608	652	0.012623456790126608	555	0.012623456790126608	81	0.012623456790126608	1627	0.012623456790126605	1385	0.012623456790126605	1384	0.012623456790126605	1050	0.012623456790126605	961	0.012623456790126605	454	0.012623456790126605	337	0.012623456790126605	280	0.012623456790126605
18	file:/C:/mallet/mydata/test_fr_esco/http%253A%252F%252Fdata.europa.eu%252Fesco%252Foccupation%252FCTC_15850_20140807.txt	1086	0.22790277777781578	1796	0.15012500000002504	315	0.11679166666668617	1494	0.08345833333334723	1785	0.07790277777779075	1979	0.022347222222225963	454	0.02234722222222595	303	0.016791666666669463	1730	0.011236111111112982
19	file:/C:/mallet/mydata/test_fr_esco/http%253A%252F%252Fdata.europa.eu%252Fesco%252Foccupation%252FCTC_15860_20140807.txt	1380	0.2409490740741381	1782	0.11131944444447398	523	0.10206018518521227	1620	0.037245370370380254
20	file:/C:/mallet/mydata/test_fr_esco/http%253A%252F%252Fdata.europa.eu%252Fesco%252Foccupation%252FCTC_15892_20140807.txt	162	0.24368589743593327	1181	0.16248931623934015	1443	0.12830128205130098	893	0.12830128205130095	1210	0.04710470085470781	419	0.030010683760688193	380	0.017190170940173485	1183	0.012916666666668568
21	file:/C:/mallet/mydata/test_fr_esco/http%253A%252F%252Fdata.europa.eu%252Fesco%252Foccupation%252FCTC_16019_20140807.txt	1011	0.4231730769231369	1494	0.30778846153850514	547	0.034284188034192885	557	0.012916666666668497
22	file:/C:/mallet/mydata/test_fr_esco/http%253A%252F%252Fdata.europa.eu%252Fesco%252Foccupation%252FCTC_43257.txt	1447	0.4001250000000675	33	0.22790277777781626	994	0.07234722222223443
23	file:/C:/mallet/mydata/test_fr_esco/http%253A%252F%252Fdata.europa.eu%252Fesco%252Foccupation%252FHOSPI.1.1.2.m.10.txt	1677	0.5253661616162403	565	0.13647727272729318	1385	0.05566919191920025	1443	0.010214646464647991
24	file:/C:/mallet/mydata/test_fr_esco/http%253A%252F%252Fdata.europa.eu%252Fesco%252Foccupation%252FHOSPI.1.1.2.m.20.txt	507	0.3483148148148902	855	0.044611111111120795	422	0.04461111111112076	727	0.022388888888893732	370	0.022388888888893732	80	0.014981481481484723
25	file:/C:/mallet/mydata/test_fr_esco/http%253A%252F%252Fdata.europa.eu%252Fesco%252Foccupation%252FHOSPI.1.1.2.m.26.txt	1375	0.4647601010101728	1047	0.10617424242425885	557	0.05061868686869468	1576	0.035467171717177205	679	0.0354671717171772	1831	0.020315656565659708	1164	0.01526515151515387	1560	0.01021464646464804	981	0.01021464646464804
26	file:/C:/mallet/mydata/test_fr_esco/http%253A%252F%252Fdata.europa.eu%252Fesco%252Foccupation%252FHOSPI.1.1.2.txt	1375	0.493211805555657	1576	0.0834895833333505	1560	0.027934027777783522	1047	0.01404513888889178	1626	0.014045138888891777
27	file:/C:/mallet/mydata/test_fr_esco/http%253A%252F%252Fdata.europa.eu%252Fesco%252Foccupation%252FHOSPI.1.1.3.m.11.txt	957	0.2822435897436573	1748	0.025833333333339512	944	0.017286324786328924	322	0.017286324786328924	1939	0.01728632478632892	1816	0.01728632478632892	1235	0.01728632478632892	162	0.01728632478632892
28	file:/C:/mallet/mydata/test_fr_esco/http%253A%252F%252Fdata.europa.eu%252Fesco%252Foccupation%252FHOSPI.1.1.3.m.21.txt	1578	0.21446428571433282	543	0.047797619047629566	58	0.03986111111111989	862	0.031924603174610204	887	0.03192460317461019	1283	0.016051587301590828	804	0.016051587301590828	365	0.016051587301590828	246	0.016051587301590828	187	0.016051587301590828	1802	0.01605158730159082	940	0.01605158730159082	597	0.01605158730159082
29	file:/C:/mallet/mydata/test_fr_esco/http%253A%252F%252Fdata.europa.eu%252Fesco%252Foccupation%252FHOSPI.1.1.3.m.24.txt	1731	0.35308823529418726	402	0.24197712418305428	897	0.045898692810466574	1838	0.01321895424836862	1335	0.013218954248368617	506	0.013218954248368617	274	0.013218954248368617	271	0.013218954248368617
30	file:/C:/mallet/mydata/test_fr_esco/http%253A%252F%252Fdata.europa.eu%252Fesco%252Foccupation%252FHOSPI.1.1.3.m.3.txt	877	0.2086458333333856	507	0.06975694444446195	1380	0.04197916666667719	126	0.014201388888892448	81	0.014201388888892448	739	0.014201388888892443	244	0.014201388888892443
31	file:/C:/mallet/mydata/test_fr_esco/http%253A%252F%252Fdata.europa.eu%252Fesco%252Foccupation%252FHOSPI.1.1.3.m.31.txt	357	0.12839743589746586	1626	0.11130341880344474	712	0.04292735042736046	542	0.042927350427360456	531	0.034380341880349906	959	0.0343803418803499	1868	0.025833333333339353	877	0.017286324786328817	195	0.017286324786328817	1939	0.017286324786328813	1529	0.017286324786328813	981	0.017286324786328813	310	0.017286324786328813
32	file:/C:/mallet/mydata/test_fr_esco/http%253A%252F%252Fdata.europa.eu%252Fesco%252Foccupation%252FHOSPI.1.1.3.m.32.txt	637	0.4446230158731161	402	0.09541666666668816	1074	0.01605158730159092	454	0.016051587301590918
33	file:/C:/mallet/mydata/test_fr_esco/http%253A%252F%252Fdata.europa.eu%252Fesco%252Foccupation%252FHOSPI.1.1.3.m.35.txt	877	0.2925292397661363	1578	0.11709064327487562	74	0.06445906432749739	348	0.05861111111112203	162	0.041067251461995975	1375	0.029371345029245245	511	0.023523391812869894	1570	0.023523391812869884	290	0.011827485380119162	959	0.01182748538011916	256	0.01182748538011916
34	file:/C:/mallet/mydata/test_fr_esco/http%253A%252F%252Fdata.europa.eu%252Fesco%252Foccupation%252FHOSPI.1.1.3.m.6.txt	372	0.2372037037037541	286	0.059425925925938546	897	0.04461111111112059	712	0.03720370370371161	697	0.02979629629630263	1782	0.022388888888893642	1569	0.022388888888893642	1403	0.022388888888893642	1228	0.022388888888893642	1063	0.014981481481484664	195	0.014981481481484664	506	0.01498148148148466	370	0.01498148148148466	357	0.01498148148148466
35	file:/C:/mallet/mydata/test_fr_esco/http%253A%252F%252Fdata.europa.eu%252Fesco%252Foccupation%252FHOSPI.1.1.3.m.9.txt	1380	0.09904320987656648	580	0.07435185185186936	444	0.04966049382717218	1266	0.024969135802475007	538	0.024969135802475007	1803	0.012623456790126424	878	0.012623456790126424	855	0.012623456790126424	839	0.012623456790126424	552	0.012623456790126424	454	0.012623456790126424	1489	0.01262345679012642	1938	0.012623456790126419	1788	0.012623456790126419	807	0.012623456790126419	717	0.012623456790126419	602	0.012623456790126419	174	0.012623456790126419	134	0.012623456790126419
36	file:/C:/mallet/mydata/test_fr_esco/http%253A%252F%252Fdata.europa.eu%252Fesco%252Foccupation%252FHOSPI.1.1.3.txt	1056	0.38419841269845656	1181	0.34927777777781766	1763	0.03816666666667101	737	0.01911904761904981	677	0.019119047619049805	1433	0.015944444444446263
37	file:/C:/mallet/mydata/test_fr_esco/http%253A%252F%252Fdata.europa.eu%252Fesco%252Foccupation%252FHOSPI.1.1.txt	1677	0.0911363636363874	1181	0.08103535353537464	1646	0.07093434343436195	398	0.04063131313132373	1123	0.030530303030310988	1568	0.030530303030310985	1375	0.020429292929298255	1164	0.020429292929298255	1114	0.02042929292929825	248	0.02042929292929825	1701	0.01032828282828552	1076	0.01032828282828552	1995	0.010328282828285518	1888	0.010328282828285518	1740	0.010328282828285518	1320	0.010328282828285518	799	0.010328282828285518	679	0.010328282828285518	547	0.010328282828285518	1845	0.010328282828285516	1183	0.010328282828285516	755	0.010328282828285516
38	file:/C:/mallet/mydata/test_fr_esco/http%253A%252F%252Fdata.europa.eu%252Fesco%252Foccupation%252FHOSPI.1.2.1.m.7.txt	286	0.2223692810457962	1568	0.11779411764708242	841	0.05897058823530592	877	0.04589869281046671	1175	0.0393627450980471	1108	0.0262908496732079	1626	0.019754901960788267	1817	0.01321895424836866	318	0.01321895424836866	1211	0.013218954248368657	1183	0.013218954248368657	731	0.013218954248368657
39	file:/C:/mallet/mydata/test_fr_esco/http%253A%252F%252Fdata.europa.eu%252Fesco%252Foccupation%252FHOSPI.1.2.1.m.9.txt	893	0.418601851851903	910	0.2704537037037368	981	0.0556388888888957	957	0.05193518518519153	1181	0.014898148148149984	1443	0.011194444444445813
40	file:/C:/mallet/mydata/test_fr_esco/http%253A%252F%252Fdata.europa.eu%252Fesco%252Foccupation%252FHOSPI.1.2.1.txt	1375	0.421184210526392	910	0.29252923976613476	1806	0.011827485380119096
41	file:/C:/mallet/mydata/test_fr_esco/http%253A%252F%252Fdata.europa.eu%252Fesco%252Foccupation%252FHOSPI.1.2.2.m.11.txt	1340	0.3914130434783225	910	0.13054347826089013	981	0.08706521739131808	160	0.0774033816425243	873	0.01943236714976153
42	file:/C:/mallet/mydata/test_fr_esco/http%253A%252F%252Fdata.europa.eu%252Fesco%252Foccupation%252FHOSPI.1.2.2.m.17.txt	877	0.3661601307190308	1123	0.2550490196078965	975	0.03936274509804746	910	0.019754901960788447	195	0.013218954248368778
43	file:/C:/mallet/mydata/test_fr_esco/http%253A%252F%252Fdata.europa.eu%252Fesco%252Foccupation%252FHOSPI.1.2.2.m.20.txt	380	0.25408730158734594	33	0.23821428571432735	506	0.11652116402118443	357	0.05302910052910979	712	0.0212830687830725	1375	0.015992063492066288	1785	0.010701058201060069	1568	0.010701058201060069
44	file:/C:/mallet/mydata/test_fr_esco/http%253A%252F%252Fdata.europa.eu%252Fesco%252Foccupation%252FHOSPI.1.2.2.m.5.txt	910	0.40012500000007173	877	0.13901388888891386	1568	0.08901388888890484	195	0.04456944444445245	1259	0.022347222222226234	1088	0.011236111111113126	1909	0.011236111111113124	499	0.011236111111113124
45	file:/C:/mallet/mydata/test_fr_esco/http%253A%252F%252Fdata.europa.eu%252Fesco%252Foccupation%252FHOSPI.1.2.2.m.6.txt	1179	0.2445277777778094	877	0.1297129629629798	1568	0.12230555555557142	1471	0.10378703703705049	910	0.055638888888896086	897	0.040824074074079376	140	0.03341666666667098	873	0.029712962962966813	271	0.022305555555558448
46	file:/C:/mallet/mydata/test_fr_esco/http%253A%252F%252Fdata.europa.eu%252Fesco%252Foccupation%252FHOSPI.1.2.2.txt	1583	0.34775089605739085	1181	0.2796505376344433	1838	0.17570788530468132	1020	0.018001792114697587
47	file:/C:/mallet/mydata/test_fr_esco/http%253A%252F%252Fdata.europa.eu%252Fesco%252Foccupation%252FHOSPI.1.2.txt	1181	0.33348958333340223	910	0.32654513888895637	1011	0.027934027777783574
48	file:/C:/mallet/mydata/test_fr_esco/http%253A%252F%252Fdata.europa.eu%252Fesco%252Foccupation%252FHOSPI.1.3.1.m.3.txt	315	0.29426470588241177	1175	0.16354575163401966	1447	0.12433006535950203	1385	0.07204248366014512	679	0.02629084967320788
49	file:/C:/mallet/mydata/test_fr_esco/http%253A%252F%252Fdata.europa.eu%252Fesco%252Foccupation%252FHOSPI.1.3.1.m.8.txt	910	0.5205994152047749	893	0.029371345029245217	1108	0.017675438596494505	1020	0.017675438596494505	1760	0.011827485380119152	422	0.011827485380119152	1011	0.01182748538011915	538	0.01182748538011915	454	0.01182748538011915	249	0.01182748538011915
50	file:/C:/mallet/mydata/test_fr_esco/http%253A%252F%252Fdata.europa.eu%252Fesco%252Foccupation%252FHOSPI.1.3.1.txt	910	0.4348913043478945	1375	0.3286111111111628
51	file:/C:/mallet/mydata/test_fr_esco/http%253A%252F%252Fdata.europa.eu%252Fesco%252Foccupation%252FHOSPI.1.3.2.m.1.txt	315	0.3112777777778444	1443	0.17794444444448254	841	0.044611111111120656	910	0.022388888888893677	679	0.014981481481484685	731	0.014981481481484682
52	file:/C:/mallet/mydata/test_fr_esco/http%253A%252F%252Fdata.europa.eu%252Fesco%252Foccupation%252FHOSPI.1.3.2.m.3.txt	195	0.1205787037037329	1471	0.046504629629640915	357	0.027986111111117887	910	0.027986111111117883	551	0.018726851851856387	319	0.018726851851856387	1846	0.01872685185185638	1845	0.01872685185185638	1689	0.01872685185185638	1256	0.01872685185185638	1127	0.01872685185185638	987	0.01872685185185638
53	file:/C:/mallet/mydata/test_fr_esco/http%253A%252F%252Fdata.europa.eu%252Fesco%252Foccupation%252FHOSPI.1.3.2.m.8.txt	910	0.5099509803922591	1020	0.03936274509804711	1695	0.0262908496732079	1494	0.013218954248368662	1396	0.013218954248368662	1108	0.013218954248368662	286	0.013218954248368662	893	0.013218954248368659	422	0.013218954248368659
54	file:/C:/mallet/mydata/test_fr_esco/http%253A%252F%252Fdata.europa.eu%252Fesco%252Foccupation%252FHOSPI.1.3.2.m.9.txt	315	0.5790789473685342	547	0.05861111111112255	1181	0.011827485380119268	959	0.011827485380119268	893	0.011827485380119268
55	file:/C:/mallet/mydata/test_fr_esco/http%253A%252F%252Fdata.europa.eu%252Fesco%252Foccupation%252FHOSPI.1.3.2.txt	910	0.38391414141418767	893	0.25933501683504806	1056	0.1111868686868821	542	0.023644781144784004	1447	0.020277777777780233	583	0.010176767676768903
56	file:/C:/mallet/mydata/test_fr_esco/http%253A%252F%252Fdata.europa.eu%252Fesco%252Foccupation%252FHOSPI.1.3.txt	910	0.6174228395062933	96	0.031003086419759136
57	file:/C:/mallet/mydata/test_fr_esco/http%253A%252F%252Fdata.europa.eu%252Fesco%252Foccupation%252FHOSPI.1.txt	1568	0.2002500000000535	1290	0.022472222222228222	959	0.022472222222228222	847	0.022472222222228222	17	0.022472222222228222	824	0.011361111111114146	709	0.011361111111114146	1723	0.011361111111114144	1698	0.011361111111114144	1301	0.011361111111114144	1160	0.011361111111114144	899	0.011361111111114144	597	0.011361111111114144	547	0.011361111111114144	83	0.011361111111114144	33	0.011361111111114144	1756	0.01136111111111414	1475	0.01136111111111414	1318	0.01136111111111414	1266	0.01136111111111414	1256	0.01136111111111414	1169	0.01136111111111414	804	0.01136111111111414	616	0.01136111111111414
58	file:/C:/mallet/mydata/test_fr_esco/http%253A%252F%252Fdata.europa.eu%252Fesco%252Foccupation%252FHOSPI.2.1.1.m.14.txt	981	0.5001388888889842	1785	0.17297839506176138
59	file:/C:/mallet/mydata/test_fr_esco/http%253A%252F%252Fdata.europa.eu%252Fesco%252Foccupation%252FHOSPI.2.1.2.m.10.txt	274	0.11131944444447087	1884	0.10206018518520939	531	0.05576388888890212	1380	0.027986111111117755	975	0.027986111111117755	778	0.02798611111111775	1704	0.018726851851856297	1964	0.018726851851856293	1838	0.018726851851856293	1507	0.018726851851856293	738	0.018726851851856293
60	file:/C:/mallet/mydata/test_fr_esco/http%253A%252F%252Fdata.europa.eu%252Fesco%252Foccupation%252FHOSPI.2.1.txt	1297	0.2687268518519199	1403	0.0835416666666878	109	0.027986111111118192	1056	0.02798611111111819	1884	0.01872685185185659	862	0.01872685185185659	730	0.01872685185185659
61	file:/C:/mallet/mydata/test_fr_esco/http%253A%252F%252Fdata.europa.eu%252Fesco%252Foccupation%252FHOSPI.2.2.1.m.2.txt	445	0.22979629629634546	1297	0.18535185185189149	981	0.05942592592593863	361	0.02238888888889367	1884	0.014981481481484683	1778	0.014981481481484683	1160	0.014981481481484683	1170	0.01498148148148468
62	file:/C:/mallet/mydata/test_fr_esco/http%253A%252F%252Fdata.europa.eu%252Fesco%252Foccupation%252FHOSPI.2.2.2.m.12.txt	1297	0.3281613756614311	1014	0.21175925925929506	750	0.14297619047621465	16	0.04773809523810331
63	file:/C:/mallet/mydata/test_fr_esco/http%253A%252F%252Fdata.europa.eu%252Fesco%252Foccupation%252FHOSPI.2.2.2.m.13.txt	1697	0.14090740740743507	1363	0.11868518518520849	1649	0.07424074074075528	162	0.04461111111111987	1951	0.03720370370371102	1449	0.029796296296302135	934	0.022388888888893278	809	0.022388888888893274	759	0.022388888888893274	202	0.022388888888893274	1892	0.014981481481484418	416	0.014981481481484414
64	file:/C:/mallet/mydata/test_fr_esco/http%253A%252F%252Fdata.europa.eu%252Fesco%252Foccupation%252FHOSPI.2.2.txt	16	0.1020601851852097	1160	0.07428240740742524	1297	0.037245370370379345	369	0.027986111111117838	274	0.027986111111117838	1840	0.027986111111117835	1471	0.027986111111117835	1381	0.027986111111117835	185	0.027986111111117835	531	0.018726851851856352	123	0.018726851851856352	1779	0.01872685185185635	1476	0.01872685185185635	1416	0.01872685185185635	443	0.01872685185185635
65	file:/C:/mallet/mydata/test_fr_esco/http%253A%252F%252Fdata.europa.eu%252Fesco%252Foccupation%252FHOSPI.2.3.1.m.7.txt	1375	0.27790277777782474	162	0.16123611111113842	1815	0.11123611111112992	1385	0.05012500000000846	1427	0.0279027777777825	202	0.0279027777777825	1011	0.027902777777782495	238	0.011236111111113011
66	file:/C:/mallet/mydata/test_fr_esco/http%253A%252F%252Fdata.europa.eu%252Fesco%252Foccupation%252FHOSPI.2.3.2.m.2.txt	461	0.33348958333340284	859	0.10432291666668843	1181	0.09737847222224254	1726	0.014045138888891816	1308	0.014045138888891816
67	file:/C:/mallet/mydata/test_fr_esco/http%253A%252F%252Fdata.europa.eu%252Fesco%252Foccupation%252FHOSPI.2.3.txt	1297	0.4075462962963753	1210	0.2532253086420244	1427	0.018657407407411026
68	file:/C:/mallet/mydata/test_fr_esco/http%253A%252F%252Fdata.europa.eu%252Fesco%252Foccupation%252FHOSPI.2.txt	1102	0.3255753968254632	1748	0.1192261904762148	162	0.05573412698413839	523	0.05573412698413836	1494	0.016051587301590578
69	file:/C:/mallet/mydata/test_fr_esco/_%2528gentil.txt	1883	0.03745370370371113	987	0.018935185185188944	274	0.018935185185188944	1665	0.01893518518518894	1430	0.01893518518518894	1078	0.01893518518518894	185	0.01893518518518894	1951	0.018935185185188937
70	file:/C:/mallet/mydata/test_fr_esco/_%25C3%25A0.txt
71	file:/C:/mallet/mydata/test_fr_esco/_%25C3%25A9quipi%25C3%25A8re.txt	112	0.03745370370371052	1799	0.018935185185188632	1564	0.01893518518518863	957	0.01893518518518863	721	0.01893518518518863	151	0.01893518518518863	1244	0.018935185185188625	964	0.018935185185188625
72	file:/C:/mallet/mydata/test_fr_esco/_%25C3%25A9quipier.txt	1041	0.0744907407407551	1830	0.01893518518518884	1874	0.018935185185188837	1579	0.018935185185188837	1236	0.018935185185188837	1534	0.01893518518518883
73	file:/C:/mallet/mydata/test_fr_esco/_%25C3%25A9tablissement.txt	398	0.05597222222223491	893	0.01893518518518948	1840	0.018935185185189475	1056	0.018935185185189475	109	0.018935185185189475	1559	0.01893518518518947	547	0.01893518518518947
74	file:/C:/mallet/mydata/test_fr_esco/_%25C3%25A9v%25C3%25A8nementiel.txt	1197	0.01893518518518872	289	0.01893518518518872	892	0.018935185185188712	744	0.018935185185188712	410	0.018935185185188712	124	0.018935185185188712	1337	0.01893518518518871	1203	0.01893518518518871	825	0.01893518518518871
75	file:/C:/mallet/mydata/test_fr_esco/_%25C3%25A9v%25C3%25A8nementielles.txt
76	file:/C:/mallet/mydata/test_fr_esco/_%25C5%2593nologue.txt	527	0.018935185185188705	29	0.018935185185188705	1814	0.0189351851851887	1696	0.0189351851851887	791	0.0189351851851887	33	0.0189351851851887	1850	0.018935185185188698	1414	0.018935185185188698	521	0.018935185185188698
77	file:/C:/mallet/mydata/test_fr_esco/_accompagnateur.txt	1449	0.03745370370371159	1921	0.018935185185189173	1047	0.018935185185189173	1878	0.01893518518518917	1091	0.01893518518518917	870	0.01893518518518917	264	0.01893518518518917	1206	0.018935185185189166
78	file:/C:/mallet/mydata/test_fr_esco/_accompagnatrice.txt	1425	0.018935185185188694	726	0.018935185185188694	1749	0.01893518518518869	1668	0.01893518518518869	844	0.01893518518518869	275	0.01893518518518869	1930	0.018935185185188688	1355	0.018935185185188688	532	0.018935185185188688
79	file:/C:/mallet/mydata/test_fr_esco/_accueil.txt	1762	0.01893518518518876	329	0.01893518518518876	1840	0.018935185185188757	1160	0.018935185185188757	959	0.018935185185188757	804	0.018935185185188757	932	0.01893518518518875	293	0.01893518518518875	109	0.01893518518518875
80	file:/C:/mallet/mydata/test_fr_esco/_activit%25C3%25A9.txt	1044	0.018935185185188788	322	0.018935185185188788	1785	0.018935185185188785	1504	0.018935185185188785	1453	0.018935185185188785	936	0.018935185185188785	1375	0.01893518518518878	694	0.01893518518518878	641	0.01893518518518878
81	file:/C:/mallet/mydata/test_fr_esco/_activit%25C3%25A9s.txt	1385	0.018935185185188632	1170	0.018935185185188632	1701	0.01893518518518863	1450	0.01893518518518863	1447	0.01893518518518863	1020	0.01893518518518863	1181	0.018935185185188625	893	0.018935185185188625	455	0.018935185185188625
82	file:/C:/mallet/mydata/test_fr_esco/_agence.txt	1403	0.018935185185188632	189	0.018935185185188632	1455	0.01893518518518863	1375	0.01893518518518863	1056	0.01893518518518863	1020	0.01893518518518863	1207	0.018935185185188625	1156	0.018935185185188625	380	0.018935185185188625
83	file:/C:/mallet/mydata/test_fr_esco/_agences.txt	1033	0.037453703703710636	1403	0.018935185185188694	1840	0.01893518518518869	1385	0.01893518518518869	697	0.01893518518518869	1996	0.018935185185188688	1297	0.018935185185188688	1056	0.018935185185188688
84	file:/C:/mallet/mydata/test_fr_esco/_agent.txt	859	0.037453703703710525	1583	0.018935185185188632	1964	0.01893518518518863	1739	0.01893518518518863	1245	0.01893518518518863	1502	0.018935185185188625	1181	0.018935185185188625	499	0.018935185185188625
85	file:/C:/mallet/mydata/test_fr_esco/_agente.txt	874	0.018935185185188833	58	0.018935185185188833	1507	0.01893518518518883	1479	0.01893518518518883	688	0.01893518518518883	638	0.01893518518518883	1872	0.018935185185188826	1764	0.018935185185188826	696	0.018935185185188826
86	file:/C:/mallet/mydata/test_fr_esco/_aide-cuisini%25C3%25A8re.txt	1177	0.01893518518518896	1035	0.01893518518518896	1745	0.018935185185188958	1428	0.018935185185188958	1331	0.018935185185188958	1260	0.018935185185188958	1886	0.018935185185188955	874	0.018935185185188955	543	0.018935185185188955
87	file:/C:/mallet/mydata/test_fr_esco/_aide-cuisinier.txt
88	file:/C:/mallet/mydata/test_fr_esco/_alimentaire.txt	170	0.037453703703711615	910	0.018935185185189187	975	0.01893518518518918	361	0.01893518518518918	128	0.01893518518518918	1737	0.018935185185189177	1551	0.018935185185189177	1086	0.018935185185189177
89	file:/C:/mallet/mydata/test_fr_esco/_alimentaires.txt	170	0.05597222222223279	1471	0.037453703703710775	1739	0.018935185185188764	315	0.018935185185188757	1226	0.018935185185188753	1086	0.018935185185188753
90	file:/C:/mallet/mydata/test_fr_esco/_animateur.txt	957	0.07449074074075457	1923	0.018935185185188694	1402	0.018935185185188694	477	0.01893518518518869	1764	0.018935185185188688	0	0.018935185185188688
91	file:/C:/mallet/mydata/test_fr_esco/_animatrice.txt	0	0.07449074074075576	1492	0.018935185185189007	1402	0.018935185185189003	456	0.018935185185189003	1982	0.018935185185189	715	0.018935185185189
92	file:/C:/mallet/mydata/test_fr_esco/_assistant-cuisinier.txt
93	file:/C:/mallet/mydata/test_fr_esco/_assistante-cuisini%25C3%25A8re.txt
94	file:/C:/mallet/mydata/test_fr_esco/_au.txt
95	file:/C:/mallet/mydata/test_fr_esco/_aux.txt
96	file:/C:/mallet/mydata/test_fr_esco/_bagages.txt	642	0.018935185185188632	52	0.018935185185188632	1152	0.01893518518518863	754	0.01893518518518863	635	0.01893518518518863	400	0.01893518518518863	1006	0.018935185185188625	401	0.018935185185188625	370	0.018935185185188625
97	file:/C:/mallet/mydata/test_fr_esco/_bagagiste.txt	961	0.018935185185188937	684	0.018935185185188937	1470	0.018935185185188934	1384	0.018935185185188934	772	0.018935185185188934	674	0.018935185185188934	1347	0.018935185185188927	852	0.018935185185188927	359	0.018935185185188927
98	file:/C:/mallet/mydata/test_fr_esco/_bairmaid.txt
99	file:/C:/mallet/mydata/test_fr_esco/_banquets.txt	1890	0.018935185185189045	616	0.018935185185189045	1558	0.01893518518518904	972	0.01893518518518904	960	0.01893518518518904	646	0.01893518518518904	1559	0.018935185185189038	1171	0.018935185185189038	730	0.018935185185189038
100	file:/C:/mallet/mydata/test_fr_esco/_bar.txt	1179	0.05597222222223242	1883	0.018935185185188632	1471	0.018935185185188632	923	0.018935185185188632	855	0.018935185185188632	1207	0.01893518518518863	868	0.01893518518518863
101	file:/C:/mallet/mydata/test_fr_esco/_barista.txt
102	file:/C:/mallet/mydata/test_fr_esco/_barmaid.txt	1245	0.01893518518518938	875	0.01893518518518938	1224	0.018935185185189374	1191	0.018935185185189374	235	0.018935185185189374	73	0.018935185185189374	1623	0.01893518518518937	1370	0.01893518518518937	646	0.01893518518518937
103	file:/C:/mallet/mydata/test_fr_esco/_barman.txt	1882	0.03745370370371113	1261	0.018935185185188944	973	0.018935185185188944	1581	0.01893518518518894	1109	0.01893518518518894	392	0.01893518518518894	335	0.01893518518518894	1887	0.018935185185188937
104	file:/C:/mallet/mydata/test_fr_esco/_base.txt	1739	0.03745370370371101	1267	0.018935185185188885	271	0.018935185185188885	1363	0.018935185185188882	505	0.018935185185188882	57	0.018935185185188882	1683	0.018935185185188875	76	0.018935185185188875
105	file:/C:/mallet/mydata/test_fr_esco/_bienvenue.txt	1380	0.05597222222223396	882	0.01893518518518916	378	0.01893518518518916	731	0.018935185185189156	138	0.018935185185189156	81	0.018935185185189156	855	0.01893518518518915
106	file:/C:/mallet/mydata/test_fr_esco/_billets.txt	461	0.037453703703711504	160	0.01893518518518913	109	0.01893518518518913	560	0.018935185185189128	370	0.018935185185189128	26	0.018935185185189128	1403	0.01893518518518912	14	0.01893518518518912
107	file:/C:/mallet/mydata/test_fr_esco/_boissons.txt	536	0.05597222222223356	910	0.03745370370371129	779	0.01893518518518902	369	0.01893518518518902	1734	0.018935185185189017	33	0.018935185185189017
108	file:/C:/mallet/mydata/test_fr_esco/_bord.txt	1748	0.037453703703711115	1444	0.018935185185188934	797	0.018935185185188934	1578	0.01893518518518893	348	0.01893518518518893	57	0.01893518518518893	1726	0.018935185185188927	1542	0.018935185185188927
109	file:/C:/mallet/mydata/test_fr_esco/_brigade.txt	249	0.037453703703710775	286	0.03745370370371077	401	0.01893518518518876	1720	0.018935185185188757	220	0.018935185185188757	1209	0.01893518518518875	89	0.01893518518518875
110	file:/C:/mallet/mydata/test_fr_esco/_caf%25C3%25A9.txt	910	0.055972222222232845	1254	0.01893518518518878	1200	0.018935185185188778	1102	0.018935185185188778	1086	0.018935185185188778	1241	0.018935185185188774	315	0.018935185185188774
111	file:/C:/mallet/mydata/test_fr_esco/_campement.txt	659	0.07449074074075437	812	0.018935185185188656	1851	0.018935185185188653	1811	0.018935185185188653	1280	0.018935185185188646	764	0.018935185185188646
112	file:/C:/mallet/mydata/test_fr_esco/_camping.txt	1186	0.0189351851851888	611	0.0189351851851888	1210	0.01893518518518879	898	0.01893518518518879	737	0.01893518518518879	325	0.01893518518518879	1263	0.018935185185188788	757	0.018935185185188788	96	0.018935185185188788
113	file:/C:/mallet/mydata/test_fr_esco/_cave.txt	1259	0.018935185185188632	1024	0.018935185185188632	1778	0.01893518518518863	1708	0.01893518518518863	348	0.01893518518518863	213	0.01893518518518863	1254	0.018935185185188625	906	0.018935185185188625	737	0.018935185185188625
114	file:/C:/mallet/mydata/test_fr_esco/_caviste.txt	1598	0.01893518518518943	1491	0.01893518518518943	1923	0.018935185185189427	1625	0.018935185185189427	218	0.018935185185189427	3	0.018935185185189427	1474	0.018935185185189423	1218	0.018935185185189423	40	0.018935185185189423
115	file:/C:/mallet/mydata/test_fr_esco/_centre.txt	816	0.018935185185188774	294	0.018935185185188774	1102	0.01893518518518877	944	0.01893518518518877	398	0.01893518518518877	23	0.01893518518518877	1476	0.018935185185188767	1427	0.018935185185188767	745	0.018935185185188767
116	file:/C:/mallet/mydata/test_fr_esco/_chambres.txt	1307	0.07449074074075436	1047	0.03745370370371055	1845	0.018935185185188646	877	0.018935185185188646	186	0.018935185185188646
117	file:/C:/mallet/mydata/test_fr_esco/_charg%25C3%25A9.txt	1583	0.03745370370371099	380	0.03745370370371099	547	0.01893518518518887	1026	0.018935185185188868	1020	0.018935185185188868	817	0.018935185185188868	1475	0.018935185185188864
118	file:/C:/mallet/mydata/test_fr_esco/_charg%25C3%25A9e.txt	1750	0.018935185185188736	1739	0.018935185185188736	1956	0.018935185185188733	1494	0.018935185185188733	1403	0.018935185185188733	877	0.018935185185188733	1443	0.01893518518518873	1020	0.01893518518518873	583	0.01893518518518873
119	file:/C:/mallet/mydata/test_fr_esco/_charg%25C3%25A9es.txt	1636	0.037453703703710636	1569	0.018935185185188694	442	0.018935185185188694	1736	0.01893518518518869	1244	0.01893518518518869	1038	0.01893518518518869	401	0.01893518518518869	431	0.018935185185188688
120	file:/C:/mallet/mydata/test_fr_esco/_charg%25C3%25A9s.txt	800	0.03745370370371116	1883	0.018935185185188958	679	0.018935185185188958	1346	0.01893518518518895	607	0.01893518518518895	401	0.01893518518518895	1840	0.018935185185188948	555	0.018935185185188948
121	file:/C:/mallet/mydata/test_fr_esco/_chasseur.txt	1986	0.05597222222223258	1497	0.01893518518518869	1113	0.01893518518518869	1254	0.018935185185188688	875	0.018935185185188688	1578	0.018935185185188684	64	0.018935185185188684
122	file:/C:/mallet/mydata/test_fr_esco/_chef.txt	1026	0.037453703703711747	401	0.037453703703711747	357	0.018935185185189253	303	0.018935185185189253	286	0.018935185185189253	422	0.018935185185189246	249	0.018935185185189246
123	file:/C:/mallet/mydata/test_fr_esco/_cheffe.txt	1638	0.018935185185189014	1243	0.018935185185189014	1389	0.01893518518518901	663	0.01893518518518901	652	0.01893518518518901	636	0.01893518518518901	1648	0.018935185185189007	1068	0.018935185185189007	424	0.018935185185189007
124	file:/C:/mallet/mydata/test_fr_esco/_circuit.txt	1830	0.03745370370371113	1303	0.03745370370371113	794	0.018935185185188944	1189	0.01893518518518894	1046	0.01893518518518894	1956	0.018935185185188937	1763	0.018935185185188937
125	file:/C:/mallet/mydata/test_fr_esco/_client%25C3%25A8le.txt	635	0.05597222222223274	1517	0.018935185185188746	1134	0.018935185185188746	1192	0.01893518518518874	1181	0.01893518518518874	1375	0.018935185185188736	528	0.018935185185188736
126	file:/C:/mallet/mydata/test_fr_esco/_client.txt	1340	0.018935185185188746	1123	0.018935185185188746	1568	0.01893518518518874	1259	0.01893518518518874	370	0.01893518518518874	318	0.01893518518518874	1375	0.018935185185188736	893	0.018935185185188736	0	0.018935185185188736
127	file:/C:/mallet/mydata/test_fr_esco/_cocktails.txt	910	0.037453703703711504	1862	0.01893518518518913	765	0.01893518518518913	1587	0.018935185185189128	322	0.018935185185189128	101	0.018935185185189128	1611	0.01893518518518912	798	0.01893518518518912
128	file:/C:/mallet/mydata/test_fr_esco/_commercial.txt	109	0.03745370370371052	1375	0.018935185185188635	250	0.018935185185188635	1933	0.018935185185188632	1568	0.018935185185188632	1233	0.018935185185188632	1739	0.01893518518518863	981	0.01893518518518863
129	file:/C:/mallet/mydata/test_fr_esco/_commerciale.txt	1127	0.018935185185189277	847	0.018935185185189277	1020	0.01893518518518927	555	0.01893518518518927	250	0.01893518518518927	50	0.01893518518518927	1476	0.018935185185189267	1474	0.018935185185189267	57	0.018935185185189267
130	file:/C:/mallet/mydata/test_fr_esco/_commis.txt	1985	0.037453703703710796	1587	0.03745370370371079	1158	0.01893518518518877	1385	0.018935185185188767	1373	0.018935185185188767	1183	0.01893518518518876	555	0.01893518518518876
131	file:/C:/mallet/mydata/test_fr_esco/_concierge.txt	877	0.03745370370371063	200	0.01893518518518869	804	0.018935185185188688	507	0.018935185185188688	355	0.018935185185188688	616	0.01893518518518868	538	0.01893518518518868	174	0.01893518518518868
132	file:/C:/mallet/mydata/test_fr_esco/_conciergerie.txt	372	0.09300925925927657	1100	0.018935185185188705	740	0.0189351851851887	1915	0.018935185185188698	1018	0.018935185185188698
133	file:/C:/mallet/mydata/test_fr_esco/_conf%25C3%25A9rences.txt	981	0.037453703703710525	1385	0.018935185185188632	1146	0.018935185185188632	1183	0.01893518518518863	889	0.01893518518518863	1492	0.018935185185188625	462	0.018935185185188625	443	0.018935185185188625
134	file:/C:/mallet/mydata/test_fr_esco/_confection.txt	1875	0.03745370370371077	1471	0.018935185185188757	1271	0.018935185185188753	233	0.018935185185188753	118	0.018935185185188753	914	0.01893518518518875	183	0.01893518518518875	82	0.01893518518518875
135	file:/C:/mallet/mydata/test_fr_esco/_confectionne.txt	1434	0.018935185185189236	230	0.018935185185189236	1310	0.018935185185189232	1057	0.018935185185189232	967	0.018935185185189232	448	0.018935185185189232	1791	0.01893518518518923	1465	0.01893518518518923	643	0.01893518518518923
136	file:/C:/mallet/mydata/test_fr_esco/_conseill%25C3%25A8re.txt	149	0.05597222222223425	841	0.037453703703711747	1146	0.018935185185189257	329	0.018935185185189253	235	0.018935185185189253	1164	0.018935185185189246
137	file:/C:/mallet/mydata/test_fr_esco/_conseiller.txt	511	0.055972222222233116	1443	0.01893518518518887	841	0.01893518518518887	873	0.018935185185188868	797	0.018935185185188868	679	0.018935185185188868	694	0.018935185185188864
138	file:/C:/mallet/mydata/test_fr_esco/_consultant.txt	567	0.05597222222223273	540	0.018935185185188743	1375	0.01893518518518874	694	0.01893518518518874	318	0.01893518518518874	1443	0.018935185185188733	1046	0.018935185185188733
139	file:/C:/mallet/mydata/test_fr_esco/_consultante.txt	1339	0.01893518518518864	149	0.01893518518518864	1936	0.018935185185188632	1784	0.018935185185188632	1130	0.018935185185188632	397	0.018935185185188632	785	0.01893518518518863	668	0.01893518518518863	264	0.01893518518518863
140	file:/C:/mallet/mydata/test_fr_esco/_contrat.txt	1006	0.037453703703710636	893	0.037453703703710636	412	0.01893518518518869	322	0.01893518518518869	1170	0.018935185185188688	1297	0.018935185185188684	926	0.018935185185188684
141	file:/C:/mallet/mydata/test_fr_esco/_contrats.txt	1542	0.03745370370371052	1006	0.03745370370371052	1403	0.018935185185188632	1375	0.01893518518518863	1008	0.01893518518518863	1921	0.018935185185188625	250	0.018935185185188625
142	file:/C:/mallet/mydata/test_fr_esco/_cordon-bleu.txt	1703	0.018935185185188632	213	0.018935185185188632	1745	0.01893518518518863	1472	0.01893518518518863	549	0.01893518518518863	243	0.01893518518518863	1409	0.018935185185188625	867	0.018935185185188625	235	0.018935185185188625
143	file:/C:/mallet/mydata/test_fr_esco/_cuisine.txt	1471	0.09300925925927725	977	0.018935185185188844	910	0.018935185185188844	806	0.01893518518518884	330	0.01893518518518884
144	file:/C:/mallet/mydata/test_fr_esco/_cuisines.txt	1295	0.03745370370371104	1020	0.018935185185188896	50	0.018935185185188896	1646	0.018935185185188892	1471	0.018935185185188892	1144	0.018935185185188892	910	0.018935185185188892	1994	0.01893518518518889
145	file:/C:/mallet/mydata/test_fr_esco/_cuisini%25C3%25A8re.txt	1644	0.03745370370371101	1096	0.018935185185188882	1522	0.01893518518518888	1380	0.01893518518518888	1236	0.01893518518518888	855	0.01893518518518888	1646	0.018935185185188875	966	0.018935185185188875
146	file:/C:/mallet/mydata/test_fr_esco/_cuisinier.txt	1402	0.018935185185188906	645	0.018935185185188906	1183	0.0189351851851889	826	0.0189351851851889	580	0.0189351851851889	315	0.0189351851851889	881	0.018935185185188896	855	0.018935185185188896	804	0.018935185185188896
147	file:/C:/mallet/mydata/test_fr_esco/_d%2527accueil.txt	959	0.05597222222223259	1831	0.018935185185188694	1651	0.018935185185188694	1417	0.01893518518518869	679	0.01893518518518869	1677	0.018935185185188688	1020	0.018935185185188688
148	file:/C:/mallet/mydata/test_fr_esco/_d%2527agence.txt	1662	0.018935185185188694	1258	0.018935185185188694	1967	0.01893518518518869	1939	0.01893518518518869	1525	0.01893518518518869	514	0.01893518518518869	1916	0.018935185185188688	1835	0.018935185185188688	16	0.018935185185188688
149	file:/C:/mallet/mydata/test_fr_esco/_d%25C3%25A9couverte.txt	200	0.03745370370371196	1896	0.018935185185189364	607	0.018935185185189357	147	0.018935185185189357	57	0.018935185185189357	1758	0.018935185185189354	1271	0.018935185185189354	66	0.018935185185189354
150	file:/C:/mallet/mydata/test_fr_esco/_d%25C3%25A9veloppement.txt	1315	0.037453703703710525	1056	0.03745370370371052	1020	0.03745370370371052	1838	0.018935185185188632	380	0.01893518518518863	1086	0.018935185185188625
151	file:/C:/mallet/mydata/test_fr_esco/_d%25E2%2580%2599%25C3%25A9tablissement.txt	1780	0.018935185185189194	1566	0.018935185185189194	1170	0.01893518518518919	949	0.01893518518518919	398	0.01893518518518919	53	0.01893518518518919	1847	0.018935185185189184	1078	0.018935185185189184	874	0.018935185185189184
152	file:/C:/mallet/mydata/test_fr_esco/_d%25E2%2580%2599accueil.txt	1854	0.018935185185188882	406	0.018935185185188882	1535	0.01893518518518888	400	0.01893518518518888	398	0.01893518518518888	48	0.01893518518518888	1878	0.018935185185188875	1329	0.018935185185188875	769	0.018935185185188875
153	file:/C:/mallet/mydata/test_fr_esco/_d%25E2%2580%2599agence.txt
154	file:/C:/mallet/mydata/test_fr_esco/_d%25E2%2580%2599h%25C3%25A9bergement.txt	1103	0.01893518518518932	629	0.01893518518518932	1104	0.018935185185189315	208	0.018935185185189315	117	0.018935185185189315	45	0.018935185185189315	1928	0.01893518518518931	405	0.01893518518518931	321	0.01893518518518931
155	file:/C:/mallet/mydata/test_fr_esco/_d%25E2%2580%2599h%25C3%25B4tel.txt	1350	0.018935185185188923	147	0.018935185185188923	1237	0.018935185185188916	1150	0.018935185185188916	216	0.018935185185188916	100	0.018935185185188916	1696	0.018935185185188913	1459	0.018935185185188913	1408	0.018935185185188913
156	file:/C:/mallet/mydata/test_fr_esco/_d%25E2%2580%2599information.txt	603	0.03745370370371116	1626	0.03745370370371115	547	0.03745370370371115	730	0.01893518518518895	419	0.01893518518518895	1161	0.018935185185188948
157	file:/C:/mallet/mydata/test_fr_esco/_d%25E2%2580%2599office.txt	1722	0.01893518518518907	674	0.01893518518518907	1251	0.018935185185189066	1229	0.018935185185189066	1159	0.018935185185189066	111	0.018935185185189066	1756	0.018935185185189062	1712	0.018935185185189062	108	0.018935185185189062
158	file:/C:/mallet/mydata/test_fr_esco/_d%25E2%2580%2599organisateur.txt	16	0.037453703703711996	1571	0.01893518518518938	1624	0.018935185185189374	1417	0.018935185185189374	331	0.018935185185189374	1874	0.01893518518518937	1359	0.01893518518518937	799	0.01893518518518937
159	file:/C:/mallet/mydata/test_fr_esco/_d%25E2%2580%2599organisateurs.txt
160	file:/C:/mallet/mydata/test_fr_esco/_d%25E2%2580%2599un.txt	256	0.03745370370371186	1626	0.03745370370371185	914	0.01893518518518931	1021	0.018935185185189305	348	0.018935185185189305	735	0.018935185185189298	432	0.018935185185189298
161	file:/C:/mallet/mydata/test_fr_esco/_d%25E2%2580%2599une.txt	1646	0.037453703703711094	1626	0.018935185185188927	1559	0.018935185185188927	1995	0.018935185185188923	1672	0.018935185185188923	976	0.018935185185188923	1570	0.01893518518518892	975	0.01893518518518892
162	file:/C:/mallet/mydata/test_fr_esco/_dans.txt
163	file:/C:/mallet/mydata/test_fr_esco/_de.txt
164	file:/C:/mallet/mydata/test_fr_esco/_derri%25C3%25A8re.txt	348	0.037453703703710525	1701	0.018935185185188632	542	0.018935185185188632	1393	0.01893518518518863	271	0.01893518518518863	1021	0.018935185185188625	861	0.018935185185188625	127	0.018935185185188625
165	file:/C:/mallet/mydata/test_fr_esco/_des.txt
166	file:/C:/mallet/mydata/test_fr_esco/_destination.txt	1068	0.03745370370371086	1683	0.018935185185188805	1261	0.018935185185188805	1682	0.018935185185188802	1210	0.018935185185188802	432	0.018935185185188802	1476	0.018935185185188795	302	0.018935185185188795
167	file:/C:/mallet/mydata/test_fr_esco/_destinations.txt	1297	0.0930092592592772	370	0.055972222222233	1524	0.018935185185188826
168	file:/C:/mallet/mydata/test_fr_esco/_directeur.txt	817	0.037453703703711365	1830	0.018935185185189062	1492	0.018935185185189062	1443	0.01893518518518906	555	0.01893518518518906	538	0.01893518518518906	303	0.01893518518518906	195	0.018935185185189052
169	file:/C:/mallet/mydata/test_fr_esco/_directrice.txt	745	0.03745370370371052	377	0.018935185185188632	1443	0.01893518518518863	1426	0.01893518518518863	1350	0.01893518518518863	557	0.01893518518518863	1831	0.018935185185188625	776	0.018935185185188625
170	file:/C:/mallet/mydata/test_fr_esco/_divertissement.txt	768	0.03745370370371063	185	0.018935185185188684	1073	0.01893518518518868	619	0.01893518518518868	419	0.01893518518518868	1285	0.018935185185188677	957	0.018935185185188677	8	0.018935185185188677
171	file:/C:/mallet/mydata/test_fr_esco/_du.txt
172	file:/C:/mallet/mydata/test_fr_esco/_employ%25C3%25A9.txt	1471	0.018935185185189257	531	0.018935185185189257	1830	0.018935185185189253	506	0.018935185185189253	357	0.018935185185189253	140	0.018935185185189253	1063	0.018935185185189246	583	0.018935185185189246	274	0.018935185185189246
173	file:/C:/mallet/mydata/test_fr_esco/_employ%25C3%25A9e.txt	645	0.0374537037037109	1253	0.03745370370371089	292	0.01893518518518882	246	0.01893518518518882	183	0.01893518518518882	319	0.018935185185188816	132	0.018935185185188816
174	file:/C:/mallet/mydata/test_fr_esco/_employ%25C3%25A9es.txt	1028	0.018935185185188965	839	0.018935185185188965	1995	0.01893518518518896	1763	0.01893518518518896	1237	0.01893518518518896	1211	0.01893518518518896	1683	0.018935185185188958	1569	0.018935185185188958	712	0.018935185185188958
175	file:/C:/mallet/mydata/test_fr_esco/_employ%25C3%25A9s.txt	893	0.03745370370371074	499	0.03745370370371074	1297	0.018935185185188746	1181	0.018935185185188746	1385	0.018935185185188743	1281	0.018935185185188743	1335	0.01893518518518874
176	file:/C:/mallet/mydata/test_fr_esco/_en.txt
177	file:/C:/mallet/mydata/test_fr_esco/_espace.txt	1888	0.037453703703710525	1925	0.018935185185188632	1475	0.018935185185188632	1845	0.01893518518518863	1620	0.01893518518518863	1717	0.018935185185188625	637	0.018935185185188625	248	0.018935185185188625
178	file:/C:/mallet/mydata/test_fr_esco/_et.txt
179	file:/C:/mallet/mydata/test_fr_esco/_excursion.txt	454	0.018935185185188632	327	0.018935185185188632	1215	0.01893518518518863	435	0.01893518518518863	246	0.01893518518518863	24	0.01893518518518863	1460	0.018935185185188625	733	0.018935185185188625	455	0.018935185185188625
180	file:/C:/mallet/mydata/test_fr_esco/_expert.txt	1271	0.01893518518518899	0	0.01893518518518899	1585	0.018935185185188986	1569	0.018935185185188986	1245	0.018935185185188986	350	0.018935185185188986	1901	0.018935185185188982	560	0.018935185185188982	457	0.018935185185188982
181	file:/C:/mallet/mydata/test_fr_esco/_fast-food.txt	1472	0.018935185185189257	95	0.018935185185189257	1340	0.018935185185189253	1052	0.018935185185189253	965	0.018935185185189253	316	0.018935185185189253	437	0.018935185185189246	296	0.018935185185189246	85	0.018935185185189246
182	file:/C:/mallet/mydata/test_fr_esco/_forfaitistes.txt
183	file:/C:/mallet/mydata/test_fr_esco/_g%25C3%25A9n%25C3%25A9ral.txt	286	0.05597222222223424	511	0.03745370370371175	1496	0.018935185185189253	39	0.018935185185189253	402	0.01893518518518925	928	0.018935185185189246
184	file:/C:/mallet/mydata/test_fr_esco/_g%25C3%25A9n%25C3%25A9rale.txt	422	0.018935185185188632	357	0.018935185185188632	1734	0.01893518518518863	1589	0.01893518518518863	1412	0.01893518518518863	930	0.01893518518518863	1181	0.018935185185188625	1108	0.018935185185188625	546	0.018935185185188625
185	file:/C:/mallet/mydata/test_fr_esco/_gar%25C3%25A7on.txt	1884	0.018935185185188632	523	0.018935185185188632	1100	0.01893518518518863	877	0.01893518518518863	855	0.01893518518518863	716	0.01893518518518863	1936	0.018935185185188625	1074	0.018935185185188625	1050	0.018935185185188625
186	file:/C:/mallet/mydata/test_fr_esco/_garde-manger.txt	1617	0.018935185185188632	1539	0.018935185185188632	1711	0.01893518518518863	1186	0.01893518518518863	824	0.01893518518518863	80	0.01893518518518863	1920	0.018935185185188625	810	0.018935185185188625	310	0.018935185185188625
187	file:/C:/mallet/mydata/test_fr_esco/_gardien.txt	518	0.03745370370371052	602	0.018935185185188632	1027	0.01893518518518863	807	0.01893518518518863	538	0.01893518518518863	1393	0.018935185185188625	920	0.018935185185188625	166	0.018935185185188625
188	file:/C:/mallet/mydata/test_fr_esco/_gardienne.txt	1972	0.018935185185188757	389	0.018935185185188757	1938	0.018935185185188753	1623	0.018935185185188753	920	0.018935185185188753	444	0.018935185185188753	432	0.01893518518518875	297	0.01893518518518875	268	0.01893518518518875
189	file:/C:/mallet/mydata/test_fr_esco/_gestion.txt	1001	0.018935185185188743	444	0.018935185185188743	1979	0.01893518518518874	1267	0.01893518518518874	1123	0.01893518518518874	318	0.01893518518518874	1675	0.018935185185188733	1375	0.018935185185188733	1181	0.018935185185188733
190	file:/C:/mallet/mydata/test_fr_esco/_gestionnaire.txt	445	0.037453703703711656	1835	0.01893518518518921	267	0.01893518518518921	1785	0.018935185185189208	1701	0.018935185185189208	318	0.018935185185189208	1277	0.0189351851851892	96	0.0189351851851892
191	file:/C:/mallet/mydata/test_fr_esco/_GO.txt
192	file:/C:/mallet/mydata/test_fr_esco/_gouvernant.txt	1508	0.018935185185189184	310	0.018935185185189184	1894	0.01893518518518918	1823	0.01893518518518918	1006	0.01893518518518918	164	0.01893518518518918	1430	0.018935185185189177	749	0.018935185185189177	526	0.018935185185189177
193	file:/C:/mallet/mydata/test_fr_esco/_gouvernante.txt	1710	0.01893518518518903	851	0.01893518518518903	906	0.018935185185189028	787	0.018935185185189028	497	0.018935185185189028	70	0.018935185185189028	1865	0.018935185185189024	1539	0.018935185185189024	60	0.018935185185189024
194	file:/C:/mallet/mydata/test_fr_esco/_groom.txt	1162	0.018935185185189086	306	0.018935185185189086	1811	0.018935185185189083	847	0.018935185185189083	543	0.018935185185189083	312	0.018935185185189083	1259	0.01893518518518908	228	0.01893518518518908	146	0.01893518518518908
195	file:/C:/mallet/mydata/test_fr_esco/_groupe.txt	1443	0.018935185185189232	1093	0.018935185185189232	1717	0.018935185185189225	1241	0.018935185185189225	937	0.018935185185189225	322	0.018935185185189225	1896	0.018935185185189222	679	0.018935185185189222	205	0.018935185185189222
196	file:/C:/mallet/mydata/test_fr_esco/_guicheti%25C3%25A8re.txt
197	file:/C:/mallet/mydata/test_fr_esco/_guichetier.txt	515	0.018935185185189246	55	0.018935185185189246	1315	0.018935185185189243	1301	0.018935185185189243	781	0.018935185185189243	567	0.018935185185189243	1989	0.01893518518518924	560	0.01893518518518924	208	0.01893518518518924
198	file:/C:/mallet/mydata/test_fr_esco/_guide.txt	1697	0.07449074074075454	1437	0.01893518518518869	1062	0.01893518518518869	881	0.01893518518518869	1011	0.018935185185188688	993	0.018935185185188688
199	file:/C:/mallet/mydata/test_fr_esco/_h%25C3%25A9bergement.txt	70	0.03745370370371076	1123	0.018935185185188757	422	0.018935185185188757	1887	0.018935185185188753	410	0.018935185185188753	11	0.018935185185188753	1001	0.01893518518518875	931	0.01893518518518875
200	file:/C:/mallet/mydata/test_fr_esco/_h%25C3%25B4te.txt	975	0.037453703703710636	1758	0.01893518518518869	1713	0.01893518518518869	1112	0.018935185185188688	803	0.018935185185188688	318	0.018935185185188688	1063	0.018935185185188684	603	0.018935185185188684
201	file:/C:/mallet/mydata/test_fr_esco/_h%25C3%25B4tel.txt	1915	0.03745370370371138	1845	0.03745370370371138	328	0.01893518518518907	1561	0.018935185185189066	1011	0.018935185185189066	543	0.018935185185189066	109	0.018935185185189062
202	file:/C:/mallet/mydata/test_fr_esco/_h%25C3%25B4teli%25C3%25A8res.txt	1557	0.018935185185189007	644	0.018935185185189007	1487	0.018935185185189003	1390	0.018935185185189003	131	0.018935185185189003	59	0.018935185185189003	1641	0.018935185185189	572	0.018935185185189	33	0.018935185185189
203	file:/C:/mallet/mydata/test_fr_esco/_h%25C3%25B4telier.txt	820	0.018935185185189142	687	0.018935185185189142	1116	0.01893518518518914	1020	0.01893518518518914	728	0.01893518518518914	38	0.01893518518518914	1427	0.018935185185189135	1284	0.018935185185189135	641	0.018935185185189135
204	file:/C:/mallet/mydata/test_fr_esco/_h%25C3%25B4teliers.txt	997	0.018935185185188632	399	0.018935185185188632	1676	0.01893518518518863	1435	0.01893518518518863	923	0.01893518518518863	513	0.01893518518518863	1864	0.018935185185188625	642	0.018935185185188625	534	0.018935185185188625
205	file:/C:/mallet/mydata/test_fr_esco/_h%25C3%25B4tesse.txt	1978	0.03745370370371079	1502	0.01893518518518877	400	0.01893518518518877	1869	0.018935185185188767	1706	0.018935185185188767	697	0.018935185185188767	636	0.018935185185188764	549	0.018935185185188764
206	file:/C:/mallet/mydata/test_fr_esco/_hospitalit%25C3%25A9.txt	1290	0.03745370370371079	17	0.03745370370371079	1820	0.01893518518518877	1406	0.018935185185188767	1074	0.018935185185188767	916	0.018935185185188767	268	0.018935185185188764
207	file:/C:/mallet/mydata/test_fr_esco/_installation.txt	856	0.018935185185188944	626	0.018935185185188944	1640	0.01893518518518894	944	0.01893518518518894	897	0.01893518518518894	630	0.01893518518518894	1956	0.018935185185188937	1631	0.018935185185188937	1255	0.018935185185188937
208	file:/C:/mallet/mydata/test_fr_esco/_intendant.txt	1291	0.018935185185188885	913	0.018935185185188885	1723	0.018935185185188882	1140	0.018935185185188882	1090	0.018935185185188882	286	0.018935185185188882	1896	0.01893518518518888	1730	0.01893518518518888	1233	0.01893518518518888
209	file:/C:/mallet/mydata/test_fr_esco/_intendante.txt	700	0.018935185185188674	61	0.018935185185188674	1468	0.01893518518518867	1090	0.01893518518518867	926	0.01893518518518867	870	0.01893518518518867	1465	0.018935185185188663	801	0.018935185185188663	169	0.018935185185188663
210	file:/C:/mallet/mydata/test_fr_esco/_jongleur.txt	498	0.03745370370371181	100	0.018935185185189284	1214	0.018935185185189277	185	0.018935185185189277	32	0.018935185185189277	1422	0.018935185185189274	1109	0.018935185185189274	421	0.018935185185189274
211	file:/C:/mallet/mydata/test_fr_esco/_jongleuse.txt	1359	0.018935185185188802	296	0.018935185185188802	1602	0.0189351851851888	902	0.0189351851851888	731	0.0189351851851888	663	0.0189351851851888	1183	0.018935185185188795	385	0.018935185185188795	336	0.018935185185188795
212	file:/C:/mallet/mydata/test_fr_esco/_l%2527accueil.txt	1137	0.01893518518518913	153	0.01893518518518913	1677	0.018935185185189128	1211	0.018935185185189128	219	0.018935185185189128	151	0.018935185185189128	1577	0.01893518518518912	959	0.01893518518518912	897	0.01893518518518912
213	file:/C:/mallet/mydata/test_fr_esco/_l%25E2%2580%2599%25C3%25A9quipage.txt	1542	0.01893518518518886	256	0.01893518518518886	842	0.018935185185188858	832	0.018935185185188858	195	0.018935185185188858	151	0.018935185185188858	1419	0.018935185185188854	1322	0.018935185185188854	415	0.018935185185188854
214	file:/C:/mallet/mydata/test_fr_esco/_l%25E2%2580%2599accueil.txt	1494	0.018935185185189007	909	0.018935185185189007	1721	0.018935185185189003	1592	0.018935185185189003	1497	0.018935185185189003	574	0.018935185185189003	1817	0.018935185185189	1082	0.018935185185189	185	0.018935185185189
215	file:/C:/mallet/mydata/test_fr_esco/_l%25E2%2580%2599air.txt	256	0.037453703703711504	1626	0.01893518518518913	178	0.01893518518518913	1646	0.018935185185189128	1636	0.018935185185189128	1021	0.01893518518518912	914	0.01893518518518912	91	0.01893518518518912
216	file:/C:/mallet/mydata/test_fr_esco/_l%25E2%2580%2599entretien.txt	168	0.0189351851851887	80	0.0189351851851887	1790	0.018935185185188694	1560	0.018935185185188694	1393	0.018935185185188694	82	0.018935185185188694	1540	0.01893518518518869	753	0.01893518518518869	502	0.01893518518518869
217	file:/C:/mallet/mydata/test_fr_esco/_l%25E2%2580%2599exp%25C3%25A9rience.txt	256	0.074490740740755	1613	0.01893518518518881	1570	0.01893518518518881	997	0.01893518518518881	1626	0.018935185185188805	1487	0.018935185185188805
218	file:/C:/mallet/mydata/test_fr_esco/_l%25E2%2580%2599h%25C3%25A9bergement.txt	1610	0.018935185185188715	1326	0.018935185185188715	1986	0.018935185185188712	1047	0.018935185185188712	727	0.018935185185188712	330	0.018935185185188712	1843	0.01893518518518871	732	0.01893518518518871	70	0.01893518518518871
219	file:/C:/mallet/mydata/test_fr_esco/_l%25E2%2580%2599ing%25C3%25A9nierie.txt	1629	0.018935185185188882	1496	0.018935185185188882	1948	0.01893518518518888	1195	0.01893518518518888	1065	0.01893518518518888	255	0.01893518518518888	1639	0.018935185185188875	1221	0.018935185185188875	589	0.018935185185188875
220	file:/C:/mallet/mydata/test_fr_esco/_l%25E2%2580%2599itin%25C3%25A9raire.txt	1626	0.018935185185189055	741	0.018935185185189055	1106	0.01893518518518905	623	0.01893518518518905	510	0.01893518518518905	474	0.01893518518518905	1965	0.018935185185189045	805	0.018935185185189045	336	0.018935185185189045
221	file:/C:/mallet/mydata/test_fr_esco/_l%25E2%2580%2599offre.txt	738	0.05597222222223259	1626	0.037453703703710636	550	0.018935185185188694	697	0.01893518518518869	1917	0.018935185185188688	977	0.018935185185188688
222	file:/C:/mallet/mydata/test_fr_esco/_la.txt
223	file:/C:/mallet/mydata/test_fr_esco/_le.txt
224	file:/C:/mallet/mydata/test_fr_esco/_les.txt
225	file:/C:/mallet/mydata/test_fr_esco/_li%25C3%25A9s.txt	1656	0.03745370370371114	1677	0.03745370370371113	1271	0.018935185185188944	558	0.018935185185188944	1701	0.01893518518518894	1840	0.018935185185188937	1636	0.018935185185188937
226	file:/C:/mallet/mydata/test_fr_esco/_lingerie.txt	1731	0.0744907407407543	204	0.01893518518518864	965	0.018935185185188632	785	0.01893518518518863	526	0.01893518518518863	348	0.01893518518518863
227	file:/C:/mallet/mydata/test_fr_esco/_locations.txt	1520	0.018935185185189343	994	0.018935185185189343	1748	0.01893518518518934	934	0.01893518518518934	693	0.01893518518518934	448	0.01893518518518934	1522	0.018935185185189336	564	0.018935185185189336	407	0.018935185185189336
228	file:/C:/mallet/mydata/test_fr_esco/_locaux.txt	1568	0.03745370370371146	398	0.03745370370371146	1677	0.01893518518518911	1160	0.018935185185189107	555	0.018935185185189107	432	0.018935185185189107	419	0.018935185185189104
229	file:/C:/mallet/mydata/test_fr_esco/_logement.txt	1086	0.018935185185188694	1020	0.018935185185188694	1946	0.01893518518518869	1939	0.01893518518518869	1494	0.01893518518518869	380	0.01893518518518869	1995	0.018935185185188688	1815	0.018935185185188688	510	0.018935185185188688
230	file:/C:/mallet/mydata/test_fr_esco/_loisirs.txt	1923	0.037453703703710636	1046	0.018935185185188694	202	0.018935185185188694	1884	0.01893518518518869	1210	0.01893518518518869	1188	0.01893518518518869	723	0.01893518518518869	109	0.018935185185188688
231	file:/C:/mallet/mydata/test_fr_esco/_m%25C3%25A9nager.txt	847	0.018935185185189177	68	0.018935185185189177	1822	0.018935185185189173	1141	0.018935185185189173	66	0.018935185185189173	16	0.018935185185189173	1494	0.018935185185189166	1086	0.018935185185189166	746	0.018935185185189166
232	file:/C:/mallet/mydata/test_fr_esco/_m%25C3%25A9nagers.txt	1911	0.055972222222233144	1086	0.03745370370371101	741	0.018935185185188882	1849	0.01893518518518888	812	0.01893518518518888	1763	0.018935185185188875
233	file:/C:/mallet/mydata/test_fr_esco/_ma%25C3%25AEtre.txt	444	0.03745370370371113	981	0.018935185185188944	1773	0.01893518518518894	1570	0.01893518518518894	650	0.01893518518518894	1005	0.018935185185188937	268	0.018935185185188937	82	0.018935185185188937
234	file:/C:/mallet/mydata/test_fr_esco/_ma%25C3%25AEtresse.txt	1453	0.01893518518518869	1281	0.01893518518518869	1932	0.018935185185188688	1782	0.018935185185188688	804	0.018935185185188688	280	0.018935185185188688	1570	0.01893518518518868	1559	0.01893518518518868	523	0.01893518518518868
235	file:/C:/mallet/mydata/test_fr_esco/_majordome.txt	1346	0.018935185185188736	19	0.018935185185188736	1856	0.01893518518518873	1306	0.01893518518518873	779	0.01893518518518873	738	0.01893518518518873	480	0.018935185185188726	312	0.018935185185188726	81	0.018935185185188726
236	file:/C:/mallet/mydata/test_fr_esco/_marchand.txt	877	0.037453703703711136	1669	0.018935185185188948	1380	0.018935185185188944	805	0.018935185185188944	661	0.018935185185188944	1522	0.018935185185188937	804	0.018935185185188937	507	0.018935185185188937
237	file:/C:/mallet/mydata/test_fr_esco/_marchande.txt	1785	0.037453703703710935	1086	0.018935185185188844	1011	0.01893518518518884	996	0.01893518518518884	858	0.01893518518518884	673	0.01893518518518884	1542	0.018935185185188837	1181	0.018935185185188837
238	file:/C:/mallet/mydata/test_fr_esco/_marmiton.txt	1872	0.018935185185188688	1251	0.018935185185188688	1250	0.018935185185188684	962	0.018935185185188684	922	0.018935185185188684	424	0.018935185185188684	1027	0.01893518518518868	626	0.01893518518518868	584	0.01893518518518868
239	file:/C:/mallet/mydata/test_fr_esco/_membre.txt	74	0.05597222222223399	1443	0.03745370370371157	1113	0.01893518518518917	584	0.01893518518518917	1620	0.01893518518518916	1056	0.01893518518518916
240	file:/C:/mallet/mydata/test_fr_esco/_mixologiste.txt
241	file:/C:/mallet/mydata/test_fr_esco/_moyens.txt	1569	0.018935185185188632	303	0.018935185185188632	1838	0.01893518518518863	1656	0.01893518518518863	1375	0.01893518518518863	49	0.01893518518518863	959	0.018935185185188625	906	0.018935185185188625	398	0.018935185185188625
242	file:/C:/mallet/mydata/test_fr_esco/_n%25C3%25A9gociateur.txt	697	0.018935185185188882	309	0.018935185185188882	1891	0.01893518518518888	1648	0.01893518518518888	1087	0.01893518518518888	0	0.01893518518518888	1652	0.018935185185188875	1111	0.018935185185188875	732	0.018935185185188875
243	file:/C:/mallet/mydata/test_fr_esco/_n%25C3%25A9gociatrice.txt	1478	0.018935185185188646	913	0.018935185185188646	1643	0.018935185185188642	1430	0.018935185185188642	1140	0.018935185185188642	699	0.018935185185188642	1698	0.018935185185188635	1282	0.018935185185188635	504	0.018935185185188635
244	file:/C:/mallet/mydata/test_fr_esco/_nuit.txt	1587	0.018935185185188705	1050	0.018935185185188705	1875	0.0189351851851887	1380	0.0189351851851887	1209	0.0189351851851887	901	0.0189351851851887	1677	0.018935185185188698	1215	0.018935185185188698	1073	0.018935185185188698
245	file:/C:/mallet/mydata/test_fr_esco/_office.txt	397	0.037453703703710775	1682	0.03745370370371077	1568	0.01893518518518876	1247	0.018935185185188757	445	0.01893518518518875	186	0.01893518518518875	113	0.01893518518518875
246	file:/C:/mallet/mydata/test_fr_esco/_offre.txt	1011	0.03745370370371074	1496	0.01893518518518874	271	0.01893518518518874	113	0.01893518518518874	34	0.01893518518518874	1020	0.018935185185188733	861	0.018935185185188733	445	0.018935185185188733
247	file:/C:/mallet/mydata/test_fr_esco/_organisateur%2529.txt	363	0.018935185185189034	223	0.018935185185189034	1393	0.01893518518518903	805	0.01893518518518903	477	0.01893518518518903	63	0.01893518518518903	1216	0.018935185185189024	534	0.018935185185189024	45	0.018935185185189024
248	file:/C:/mallet/mydata/test_fr_esco/_organisateur.txt	1940	0.018935185185188632	1669	0.018935185185188632	1217	0.01893518518518863	1160	0.01893518518518863	498	0.01893518518518863	251	0.01893518518518863	1342	0.018935185185188625	1033	0.018935185185188625	937	0.018935185185188625
249	file:/C:/mallet/mydata/test_fr_esco/_organisateurs.txt	726	0.03745370370371191	1381	0.018935185185189336	1328	0.018935185185189336	1176	0.018935185185189333	512	0.018935185185189333	29	0.018935185185189333	16	0.018935185185189333	1497	0.01893518518518933
250	file:/C:/mallet/mydata/test_fr_esco/_organisatrice.txt	202	0.03745370370371075	770	0.01893518518518875	1880	0.018935185185188746	1682	0.018935185185188746	1381	0.018935185185188746	1020	0.018935185185188746	527	0.018935185185188743	420	0.018935185185188743
251	file:/C:/mallet/mydata/test_fr_esco/_p%25C3%25A2tisserie.txt	1471	0.05597222222223291	910	0.05597222222223291	315	0.018935185185188802	1365	0.0189351851851888	1290	0.0189351851851888
252	file:/C:/mallet/mydata/test_fr_esco/_p%25C3%25A2tissi%25C3%25A8re.txt	812	0.018935185185188944	683	0.018935185185188944	1507	0.01893518518518894	894	0.01893518518518894	788	0.01893518518518894	515	0.01893518518518894	1993	0.018935185185188937	1615	0.018935185185188937	1468	0.018935185185188937
253	file:/C:/mallet/mydata/test_fr_esco/_p%25C3%25A2tissier.txt	910	0.055972222222232776	315	0.03745370370371076	231	0.018935185185188757	1362	0.018935185185188753	276	0.018935185185188753	1017	0.01893518518518875
254	file:/C:/mallet/mydata/test_fr_esco/_personne.txt	1014	0.03745370370371207	1029	0.01893518518518942	873	0.018935185185189416	800	0.018935185185189416	402	0.018935185185189416	4	0.018935185185189416	1863	0.018935185185189413	657	0.018935185185189413
255	file:/C:/mallet/mydata/test_fr_esco/_personnel.txt	1014	0.07449074074075429	1389	0.018935185185188632	1006	0.01893518518518863	893	0.01893518518518863	1020	0.018935185185188625	240	0.018935185185188625
256	file:/C:/mallet/mydata/test_fr_esco/_pizzaiolo.txt	1632	0.01893518518518901	1571	0.01893518518518901	825	0.018935185185189003	564	0.018935185185189003	497	0.018935185185189003	36	0.018935185185189003	1840	0.018935185185189	1083	0.018935185185189	203	0.018935185185189
257	file:/C:/mallet/mydata/test_fr_esco/_pizzas.txt	1471	0.03745370370371052	1388	0.018935185185188632	70	0.018935185185188632	1085	0.01893518518518863	602	0.01893518518518863	1097	0.018935185185188625	1051	0.018935185185188625	307	0.018935185185188625
258	file:/C:/mallet/mydata/test_fr_esco/_plats.txt	1471	0.05597222222223437	757	0.018935185185189298	672	0.018935185185189298	839	0.018935185185189295	315	0.018935185185189295	910	0.01893518518518929	143	0.01893518518518929
259	file:/C:/mallet/mydata/test_fr_esco/_plonge.txt	85	0.03745370370371162	321	0.01893518518518919	1737	0.018935185185189187	1496	0.018935185185189187	273	0.018935185185189187	16	0.018935185185189187	1590	0.018935185185189184	1127	0.018935185185189184
260	file:/C:/mallet/mydata/test_fr_esco/_plongeur.txt	923	0.05597222222223259	1955	0.018935185185188694	269	0.018935185185188694	1901	0.01893518518518869	757	0.01893518518518869	293	0.01893518518518869	1737	0.018935185185188688
261	file:/C:/mallet/mydata/test_fr_esco/_plongeuse.txt	998	0.037453703703710685	1080	0.01893518518518872	1037	0.01893518518518872	1607	0.018935185185188715	1489	0.018935185185188715	1483	0.018935185185188715	157	0.018935185185188715	517	0.018935185185188712
262	file:/C:/mallet/mydata/test_fr_esco/_porteur.txt	975	0.03745370370371061	635	0.01893518518518868	1641	0.018935185185188677	1571	0.018935185185188677	1547	0.018935185185188677	915	0.018935185185188677	1437	0.018935185185188674	1218	0.018935185185188674
263	file:/C:/mallet/mydata/test_fr_esco/_porteuse.txt	246	0.03745370370371134	597	0.03745370370371133	1263	0.018935185185189045	800	0.018935185185189045	468	0.01893518518518904	104	0.01893518518518904	1366	0.018935185185189034
264	file:/C:/mallet/mydata/test_fr_esco/_porti%25C3%25A8re.txt	1192	0.018935185185189135	608	0.018935185185189135	1415	0.01893518518518913	764	0.01893518518518913	81	0.01893518518518913	22	0.01893518518518913	1733	0.018935185185189128	1232	0.018935185185189128	413	0.018935185185189128
265	file:/C:/mallet/mydata/test_fr_esco/_portier.txt	1866	0.018935185185189263	1245	0.018935185185189263	1941	0.01893518518518926	807	0.01893518518518926	279	0.01893518518518926	195	0.01893518518518926	1389	0.018935185185189257	784	0.018935185185189257	468	0.018935185185189257
266	file:/C:/mallet/mydata/test_fr_esco/_pr%25C3%25A9parateur.txt	1041	0.03745370370371058	1759	0.018935185185188667	171	0.018935185185188667	1381	0.01893518518518866	773	0.01893518518518866	238	0.01893518518518866	1033	0.018935185185188656	428	0.018935185185188656
267	file:/C:/mallet/mydata/test_fr_esco/_pr%25C3%25A9paration.txt	315	0.09300925925927889	1271	0.018935185185189177	22	0.018935185185189173	1494	0.018935185185189166	1206	0.018935185185189166
268	file:/C:/mallet/mydata/test_fr_esco/_pr%25C3%25A9paratrice.txt	1017	0.018935185185189062	886	0.018935185185189062	691	0.01893518518518906	491	0.01893518518518906	467	0.01893518518518906	35	0.01893518518518906	1295	0.018935185185189052	901	0.018935185185189052	27	0.018935185185189052
269	file:/C:/mallet/mydata/test_fr_esco/_pr%25C3%25A9parer.txt	1020	0.037453703703711504	1739	0.01893518518518913	910	0.01893518518518913	1590	0.018935185185189128	1443	0.018935185185189128	398	0.018935185185189128	1471	0.01893518518518912	800	0.01893518518518912
270	file:/C:/mallet/mydata/test_fr_esco/_pr%25C3%25A9pos%25C3%25A9.txt	1918	0.01893518518518913	972	0.01893518518518913	1727	0.018935185185189128	460	0.018935185185189128	431	0.018935185185189128	329	0.018935185185189128	1941	0.01893518518518912	727	0.01893518518518912	402	0.01893518518518912
271	file:/C:/mallet/mydata/test_fr_esco/_pr%25C3%25A9pos%25C3%25A9e.txt	1954	0.018935185185189083	9	0.018935185185189083	1430	0.01893518518518908	634	0.01893518518518908	438	0.01893518518518908	88	0.01893518518518908	863	0.018935185185189076	257	0.018935185185189076	82	0.018935185185189076
272	file:/C:/mallet/mydata/test_fr_esco/_pr%25C3%25A9sentateur.txt	957	0.03745370370371072	419	0.03745370370371071	1156	0.018935185185188733	477	0.018935185185188733	1356	0.01893518518518873	489	0.018935185185188726	475	0.018935185185188726
273	file:/C:/mallet/mydata/test_fr_esco/_pr%25C3%25A9sentatrice.txt	1046	0.037453703703711504	957	0.037453703703711504	1746	0.01893518518518913	153	0.01893518518518913	490	0.018935185185189128	51	0.018935185185189128	1855	0.01893518518518912
274	file:/C:/mallet/mydata/test_fr_esco/_premi%25C3%25A8re.txt	1991	0.018935185185188663	1309	0.018935185185188663	1569	0.01893518518518866	1285	0.01893518518518866	953	0.01893518518518866	271	0.01893518518518866	1114	0.018935185185188653	1011	0.018935185185188653	703	0.018935185185188653
275	file:/C:/mallet/mydata/test_fr_esco/_premier.txt	1026	0.03745370370371052	1649	0.018935185185188632	987	0.018935185185188632	1760	0.01893518518518863	1494	0.01893518518518863	765	0.01893518518518863	1402	0.018935185185188625	153	0.018935185185188625
276	file:/C:/mallet/mydata/test_fr_esco/_principal.txt	1611	0.01893518518518878	542	0.01893518518518878	1710	0.018935185185188778	444	0.018935185185188778	432	0.018935185185188778	361	0.018935185185188778	1568	0.018935185185188774	558	0.018935185185188774	499	0.018935185185188774
277	file:/C:/mallet/mydata/test_fr_esco/_principale.txt	1845	0.018935185185188753	1763	0.018935185185188753	1955	0.01893518518518875	1728	0.01893518518518875	1701	0.01893518518518875	1637	0.01893518518518875	1427	0.018935185185188743	527	0.018935185185188743	280	0.018935185185188743
278	file:/C:/mallet/mydata/test_fr_esco/_production.txt	1763	0.03745370370371101	1380	0.018935185185188882	635	0.018935185185188882	1590	0.01893518518518888	1086	0.01893518518518888	499	0.01893518518518888	1911	0.018935185185188875	1011	0.018935185185188875
279	file:/C:/mallet/mydata/test_fr_esco/_produits.txt	910	0.037453703703710636	1127	0.018935185185188694	1590	0.01893518518518869	893	0.01893518518518869	233	0.01893518518518869	1763	0.018935185185188688	1086	0.018935185185188688	162	0.018935185185188688
280	file:/C:/mallet/mydata/test_fr_esco/_promotion.txt	446	0.037453703703710615	1020	0.018935185185188684	322	0.018935185185188684	1677	0.018935185185188677	1665	0.018935185185188677	1375	0.018935185185188677	547	0.018935185185188677	641	0.018935185185188674
281	file:/C:/mallet/mydata/test_fr_esco/_qui.txt
282	file:/C:/mallet/mydata/test_fr_esco/_r%25C3%25A9ceptif.txt	1509	0.01893518518518938	407	0.01893518518518938	1655	0.018935185185189374	1272	0.018935185185189374	388	0.018935185185189374	311	0.018935185185189374	1728	0.01893518518518937	1668	0.01893518518518937	135	0.01893518518518937
283	file:/C:/mallet/mydata/test_fr_esco/_r%25C3%25A9ception.txt	246	0.05597222222223388	1375	0.03745370370371151	1736	0.01893518518518913	1047	0.018935185185189128	1568	0.01893518518518912	1170	0.01893518518518912
284	file:/C:/mallet/mydata/test_fr_esco/_r%25C3%25A9ceptionniste.txt	1033	0.018935185185188688	305	0.018935185185188688	1474	0.018935185185188684	813	0.018935185185188684	538	0.018935185185188684	156	0.018935185185188684	1778	0.01893518518518868	1551	0.01893518518518868	808	0.01893518518518868
285	file:/C:/mallet/mydata/test_fr_esco/_r%25C3%25A9ceptions.txt	1164	0.055972222222233164	1508	0.01893518518518889	1938	0.018935185185188885	600	0.018935185185188885	597	0.018935185185188885	312	0.018935185185188885	1254	0.018935185185188882
286	file:/C:/mallet/mydata/test_fr_esco/_r%25C3%25A9servations.txt	768	0.018935185185188916	234	0.018935185185188916	1678	0.018935185185188913	1602	0.018935185185188913	570	0.018935185185188913	16	0.018935185185188913	1646	0.01893518518518891	370	0.01893518518518891	94	0.01893518518518891
287	file:/C:/mallet/mydata/test_fr_esco/_rang.txt	1005	0.055972222222232415	1955	0.018935185185188632	1995	0.01893518518518863	358	0.01893518518518863	1888	0.018935185185188625	968	0.018935185185188625	244	0.018935185185188625
288	file:/C:/mallet/mydata/test_fr_esco/_rapide.txt	1551	0.018935185185188757	558	0.018935185185188757	1729	0.018935185185188753	1661	0.018935185185188753	1578	0.018935185185188753	1571	0.018935185185188753	583	0.01893518518518875	401	0.01893518518518875	140	0.01893518518518875
289	file:/C:/mallet/mydata/test_fr_esco/_recettes.txt	315	0.07449074074075446	368	0.0374537037037106	910	0.01893518518518867	1454	0.018935185185188663	1245	0.018935185185188663
290	file:/C:/mallet/mydata/test_fr_esco/_relation.txt	1888	0.037453703703711094	1099	0.037453703703711094	1626	0.018935185185188927	1985	0.018935185185188923	1926	0.018935185185188923	1114	0.018935185185188923	1570	0.01893518518518892
291	file:/C:/mallet/mydata/test_fr_esco/_repas.txt	170	0.03745370370371052	603	0.018935185185188632	1590	0.01893518518518863	1471	0.01893518518518863	1254	0.01893518518518863	195	0.01893518518518863	1505	0.018935185185188625	987	0.018935185185188625
292	file:/C:/mallet/mydata/test_fr_esco/_repr%25C3%25A9sentant.txt	1014	0.07449074074075504	1396	0.01893518518518882	422	0.018935185185188816	140	0.018935185185188816	1637	0.018935185185188812	160	0.018935185185188812
293	file:/C:/mallet/mydata/test_fr_esco/_repr%25C3%25A9sentante.txt	290	0.018935185185189007	256	0.018935185185189007	1207	0.018935185185189003	829	0.018935185185189003	750	0.018935185185189003	667	0.018935185185189003	1840	0.018935185185189	361	0.018935185185189	295	0.018935185185189
294	file:/C:/mallet/mydata/test_fr_esco/_responsable.txt	0	0.03745370370371055	679	0.01893518518518865	371	0.01893518518518865	1494	0.018935185185188646	1160	0.018935185185188646	39	0.018935185185188646	1840	0.018935185185188642	1321	0.018935185185188642
295	file:/C:/mallet/mydata/test_fr_esco/_responsables.txt	887	0.03745370370371118	1587	0.01893518518518897	583	0.01893518518518897	1590	0.018935185185188965	816	0.018935185185188965	651	0.018935185185188965	303	0.018935185185188965	1443	0.01893518518518896
296	file:/C:/mallet/mydata/test_fr_esco/_restaurant.txt	296	0.05597222222223388	1585	0.018935185185189128	1020	0.018935185185189128	202	0.018935185185189128	1522	0.01893518518518912	737	0.01893518518518912	543	0.01893518518518912
297	file:/C:/mallet/mydata/test_fr_esco/_restauration.txt	296	0.037453703703710886	1447	0.01893518518518882	1983	0.018935185185188816	1806	0.018935185185188816	1583	0.018935185185188816	1047	0.018935185185188816	1748	0.018935185185188812	398	0.018935185185188812
298	file:/C:/mallet/mydata/test_fr_esco/_revenus.txt	1181	0.05597222222223241	250	0.03745370370371052	893	0.018935185185188632	1126	0.01893518518518863	847	0.01893518518518863	235	0.01893518518518863
299	file:/C:/mallet/mydata/test_fr_esco/_s%25C3%25A9curit%25C3%25A9.txt	914	0.03745370370371065	96	0.018935185185188694	1675	0.01893518518518869	1207	0.01893518518518869	524	0.01893518518518869	1863	0.018935185185188688	1375	0.018935185185188688	95	0.018935185185188688
300	file:/C:/mallet/mydata/test_fr_esco/_salle.txt	1871	0.018935185185188642	1840	0.018935185185188642	1965	0.01893518518518864	804	0.01893518518518864	629	0.01893518518518864	628	0.01893518518518864	1046	0.018935185185188635	769	0.018935185185188635	109	0.018935185185188635
301	file:/C:/mallet/mydata/test_fr_esco/_satisfaction.txt	245	0.05597222222223282	1169	0.01893518518518877	311	0.01893518518518877	1970	0.018935185185188767	686	0.018935185185188767	382	0.018935185185188767	1006	0.018935185185188764
302	file:/C:/mallet/mydata/test_fr_esco/_second.txt	1683	0.037453703703711275	280	0.018935185185189017	1340	0.018935185185189014	1028	0.018935185185189014	679	0.018935185185189014	540	0.018935185185189014	1401	0.018935185185189007	1169	0.018935185185189007
303	file:/C:/mallet/mydata/test_fr_esco/_serveur.txt	1568	0.05597222222223241	1675	0.018935185185188632	364	0.018935185185188632	1123	0.01893518518518863	318	0.01893518518518863	618	0.018935185185188625	445	0.018935185185188625
304	file:/C:/mallet/mydata/test_fr_esco/_serveurs.txt	1568	0.13004629629632036	1156	0.018935185185188688	318	0.01893518518518868
305	file:/C:/mallet/mydata/test_fr_esco/_serveuse.txt	1666	0.018935185185188632	385	0.018935185185188632	1539	0.01893518518518863	1164	0.01893518518518863	898	0.01893518518518863	27	0.01893518518518863	1088	0.018935185185188625	859	0.018935185185188625	620	0.018935185185188625
306	file:/C:/mallet/mydata/test_fr_esco/_service.txt	1785	0.037453703703711844	959	0.037453703703711844	1568	0.0189351851851893	1403	0.018935185185189298	319	0.018935185185189298	1682	0.018935185185189295	1375	0.018935185185189295
307	file:/C:/mallet/mydata/test_fr_esco/_services.txt	847	0.018935185185188944	442	0.018935185185188944	1297	0.01893518518518894	1020	0.01893518518518894	906	0.01893518518518894	893	0.01893518518518894	1979	0.018935185185188937	1730	0.018935185185188937	1086	0.018935185185188937
308	file:/C:/mallet/mydata/test_fr_esco/_site.txt	1420	0.05597222222223251	1427	0.018935185185188667	591	0.018935185185188667	1700	0.018935185185188663	1160	0.018935185185188663	1982	0.01893518518518866	871	0.01893518518518866
309	file:/C:/mallet/mydata/test_fr_esco/_sites.txt	1315	0.018935185185189437	57	0.018935185185189437	1748	0.018935185185189433	1131	0.018935185185189433	318	0.018935185185189433	162	0.018935185185189433	1853	0.01893518518518943	1840	0.01893518518518943	1568	0.01893518518518943
310	file:/C:/mallet/mydata/test_fr_esco/_snack.txt	1254	0.018935185185188705	119	0.018935185185188705	1830	0.0189351851851887	867	0.0189351851851887	578	0.0189351851851887	310	0.0189351851851887	1157	0.018935185185188698	986	0.018935185185188698	565	0.018935185185188698
311	file:/C:/mallet/mydata/test_fr_esco/_sommeli%25C3%25A8re.txt	704	0.018935185185189076	553	0.018935185185189076	1733	0.018935185185189073	643	0.018935185185189073	181	0.018935185185189073	177	0.018935185185189073	1967	0.01893518518518907	1647	0.01893518518518907	989	0.01893518518518907
312	file:/C:/mallet/mydata/test_fr_esco/_sommelier.txt	1719	0.018935185185188635	865	0.018935185185188635	1671	0.018935185185188632	1550	0.018935185185188632	1097	0.018935185185188632	258	0.018935185185188632	1687	0.01893518518518863	1030	0.01893518518518863	28	0.01893518518518863
313	file:/C:/mallet/mydata/test_fr_esco/_sp%25C3%25A9cialis%25C3%25A9.txt	1932	0.01893518518518872	887	0.01893518518518872	1840	0.018935185185188715	1318	0.018935185185188715	959	0.018935185185188715	318	0.018935185185188715	1551	0.018935185185188712	694	0.018935185185188712	285	0.018935185185188712
314	file:/C:/mallet/mydata/test_fr_esco/_sp%25C3%25A9cialis%25C3%25A9e.txt	233	0.055972222222234205	893	0.01893518518518924	1606	0.018935185185189236	547	0.018935185185189236	218	0.018935185185189236	444	0.018935185185189232	187	0.018935185185189232
315	file:/C:/mallet/mydata/test_fr_esco/_sp%25C3%25A9cialis%25C3%25A9es.txt	1056	0.037453703703711504	1020	0.01893518518518913	170	0.01893518518518913	499	0.018935185185189128	233	0.018935185185189128	186	0.018935185185189128	805	0.01893518518518912	417	0.01893518518518912
316	file:/C:/mallet/mydata/test_fr_esco/_sp%25C3%25A9cialis%25C3%25A9s.txt	1701	0.03745370370371089	398	0.037453703703710886	737	0.01893518518518882	1123	0.018935185185188816	1028	0.018935185185188816	1677	0.018935185185188812	160	0.018935185185188812
317	file:/C:/mallet/mydata/test_fr_esco/_steward.txt	696	0.01893518518518913	477	0.01893518518518913	1625	0.018935185185189128	694	0.018935185185189128	497	0.018935185185189128	99	0.018935185185189128	1932	0.01893518518518912	850	0.01893518518518912	531	0.01893518518518912
318	file:/C:/mallet/mydata/test_fr_esco/_structure.txt	1578	0.01893518518518872	897	0.01893518518518872	1888	0.018935185185188712	1512	0.018935185185188712	1170	0.018935185185188712	893	0.018935185185188712	1335	0.01893518518518871	1127	0.01893518518518871	997	0.01893518518518871
319	file:/C:/mallet/mydata/test_fr_esco/_superviseur.txt	1377	0.01893518518518933	1289	0.01893518518518933	1340	0.018935185185189326	1082	0.018935185185189326	742	0.018935185185189326	439	0.018935185185189326	1798	0.018935185185189322	1083	0.018935185185189322	470	0.018935185185189322
320	file:/C:/mallet/mydata/test_fr_esco/_superviseuse.txt
321	file:/C:/mallet/mydata/test_fr_esco/_supervision.txt	1170	0.018935185185188632	1073	0.018935185185188632	1953	0.01893518518518863	1726	0.01893518518518863	1677	0.01893518518518863	326	0.01893518518518863	1672	0.018935185185188625	1019	0.018935185185188625	462	0.018935185185188625
322	file:/C:/mallet/mydata/test_fr_esco/_table.txt	1021	0.037453703703711504	1782	0.01893518518518913	1747	0.01893518518518913	1979	0.018935185185189128	1644	0.018935185185189128	1533	0.018935185185189128	126	0.018935185185189128	1063	0.01893518518518912
323	file:/C:/mallet/mydata/test_fr_esco/_tour-op%25C3%25A9rateur.txt	1733	0.018935185185188882	270	0.018935185185188882	1545	0.01893518518518888	1289	0.01893518518518888	820	0.01893518518518888	184	0.01893518518518888	1934	0.018935185185188875	1455	0.018935185185188875	831	0.018935185185188875
324	file:/C:/mallet/mydata/test_fr_esco/_tour-op%25C3%25A9rateurs.txt	189	0.018935185185188882	50	0.018935185185188882	1336	0.01893518518518888	1324	0.01893518518518888	1082	0.01893518518518888	549	0.01893518518518888	1895	0.018935185185188875	1085	0.018935185185188875	814	0.018935185185188875
325	file:/C:/mallet/mydata/test_fr_esco/_tourime.txt	1879	0.018935185185188785	1571	0.018935185185188785	1847	0.01893518518518878	1581	0.01893518518518878	1167	0.01893518518518878	173	0.01893518518518878	1667	0.018935185185188778	1446	0.018935185185188778	1058	0.018935185185188778
326	file:/C:/mallet/mydata/test_fr_esco/_tourisme.txt	415	0.055972222222232706	1363	0.03745370370371072	57	0.018935185185188736	1915	0.01893518518518873	773	0.01893518518518873	1243	0.018935185185188726
327	file:/C:/mallet/mydata/test_fr_esco/_touristique.txt	944	0.03745370370371101	1427	0.018935185185188882	57	0.018935185185188882	1785	0.01893518518518888	202	0.01893518518518888	162	0.01893518518518888	1628	0.018935185185188875	737	0.018935185185188875
328	file:/C:/mallet/mydata/test_fr_esco/_touristiques.txt	10	0.03745370370371078	1509	0.018935185185188767	615	0.018935185185188767	1553	0.018935185185188764	1363	0.018935185185188764	1011	0.018935185185188764	160	0.018935185185188764	1210	0.01893518518518876
329	file:/C:/mallet/mydata/test_fr_esco/_travaillant.txt	856	0.01893518518518879	547	0.01893518518518879	1840	0.018935185185188788	1173	0.018935185185188788	1073	0.018935185185188788	855	0.018935185185188788	1427	0.018935185185188785	627	0.018935185185188785	81	0.018935185185188785
330	file:/C:/mallet/mydata/test_fr_esco/_type.txt	1683	0.01893518518518904	930	0.01893518518518904	1611	0.018935185185189038	887	0.018935185185189038	735	0.018935185185189038	183	0.018935185185189038	1736	0.018935185185189034	1028	0.018935185185189034	541	0.018935185185189034
331	file:/C:/mallet/mydata/test_fr_esco/_un.txt
332	file:/C:/mallet/mydata/test_fr_esco/_v%25C3%25A9rificateur.txt	1780	0.09300925925928002	833	0.018935185185189413	422	0.018935185185189413	277	0.018935185185189413	1409	0.018935185185189406
333	file:/C:/mallet/mydata/test_fr_esco/_v%25C3%25A9rificatrice.txt	1456	0.01893518518518926	685	0.01893518518518926	1935	0.018935185185189257	796	0.018935185185189257	419	0.018935185185189257	118	0.018935185185189257	1248	0.018935185185189253	1012	0.018935185185189253	248	0.018935185185189253
334	file:/C:/mallet/mydata/test_fr_esco/_vacances.txt	1014	0.0374537037037108	357	0.018935185185188774	1875	0.01893518518518877	1285	0.01893518518518877	543	0.01893518518518877	1427	0.018935185185188767	1332	0.018935185185188767	873	0.018935185185188767
335	file:/C:/mallet/mydata/test_fr_esco/_valet.txt	244	0.03745370370371067	1354	0.01893518518518871	185	0.01893518518518871	739	0.018935185185188705	580	0.018935185185188705	1424	0.018935185185188698	855	0.018935185185188698	521	0.018935185185188698
336	file:/C:/mallet/mydata/test_fr_esco/_veilleur.txt	1901	0.01893518518518883	330	0.01893518518518883	1940	0.018935185185188826	1178	0.018935185185188826	843	0.018935185185188826	669	0.018935185185188826	1352	0.018935185185188823	475	0.018935185185188823	106	0.018935185185188823
337	file:/C:/mallet/mydata/test_fr_esco/_veilleuse.txt	1442	0.018935185185188993	1295	0.018935185185188993	1914	0.01893518518518899	1849	0.01893518518518899	497	0.01893518518518899	42	0.01893518518518899	1582	0.018935185185188986	1118	0.018935185185188986	283	0.018935185185188986
338	file:/C:/mallet/mydata/test_fr_esco/_vendeur.txt	250	0.09300925925927729	1883	0.018935185185188854	721	0.01893518518518885	861	0.018935185185188847	195	0.018935185185188847
339	file:/C:/mallet/mydata/test_fr_esco/_vendeuse.txt	1361	0.01893518518518865	700	0.01893518518518865	1649	0.018935185185188646	1600	0.018935185185188646	900	0.018935185185188646	350	0.018935185185188646	1893	0.018935185185188642	1319	0.018935185185188642	195	0.018935185185188642
340	file:/C:/mallet/mydata/test_fr_esco/_vigile.txt	1625	0.01893518518518938	137	0.01893518518518938	1666	0.018935185185189374	1491	0.018935185185189374	607	0.018935185185189374	53	0.018935185185189374	1875	0.01893518518518937	1709	0.01893518518518937	717	0.01893518518518937
341	file:/C:/mallet/mydata/test_fr_esco/_vin.txt	33	0.13004629629632425	315	0.018935185185189253	1102	0.018935185185189246
342	file:/C:/mallet/mydata/test_fr_esco/_voyage.txt	370	0.03745370370371068	443	0.01893518518518871	1626	0.018935185185188705	1502	0.018935185185188705	906	0.018935185185188705	1226	0.0189351851851887	1146	0.0189351851851887	565	0.0189351851851887
343	file:/C:/mallet/mydata/test_fr_esco/_voyages.txt	1884	0.03745370370371127	1476	0.03745370370371127	443	0.03745370370371127	904	0.01893518518518901	730	0.018935185185189007	694	0.018935185185189007
344	file:/C:/mallet/mydata/test_fr_esco/_voyagiste.txt	1318	0.018935185185189253	456	0.018935185185189253	1118	0.01893518518518925	217	0.01893518518518925	194	0.01893518518518925	143	0.01893518518518925	1727	0.018935185185189246	1339	0.018935185185189246	1297	0.018935185185189246
345	file:/C:/mallet/mydata/test_fr_esco/_voyagistes.txt	1906	0.018935185185188805	818	0.018935185185188805	1986	0.018935185185188802	1831	0.018935185185188802	900	0.018935185185188802	663	0.018935185185188802	1489	0.018935185185188795	620	0.018935185185188795	84	0.018935185185188795
